20090202,23.78
20090504,28.8
20090505,26.75
20090513,24.8
20090514,25.35
20090522,24.42
20090806,27.0
20091019,25.25
20091103,22.3
20100119,32.09
20100120,30.86
20100122,35.19
20100205,29.46
20100318,33.5
20100506,26.1
20100510,27.75
20100518,26.19
20100617,28.92
20100716,25.58
20101015,30.72
20110211,27.06
20110405,31.46
20110729,23.55
20110810,20.34
20111005,20.82
20120213,26.71
20120214,25.92
20120217,27.37
20120524,17.31
20120820,21.2
20121101,16.8
20121122,7.3
20130122,13.7
20130128,12.17
20130506,8.03
20130524,11.45
20130612,8.57
20130613,9.03
20130807,8.11
20131025,11.64
