20090202,23.78
20090216,25.15
20090316,22.75
20090504,28.8
20090616,24.29
20090806,27.0
20091103,22.3
20091210,33.9
20091222,29.63
20100122,35.19
20100224,28.3
20100318,33.5
20100609,25.91
20100625,29.22
20100909,24.67
20101015,30.72
20101129,25.65
20110405,31.46
20110810,20.34
20110921,23.06
20111005,20.82
20111107,25.1
20111125,22.65
20120104,27.49
20120123,24.71
20120216,27.4
20120524,17.31
20120704,20.1
20120726,18.64
20120820,21.2
20120912,17.74
20120924,19.17
20121122,7.3
20121128,8.44
20121129,7.81
20130104,11.22
20130108,9.69
20130122,13.7
20130220,11.44
20130312,12.77
20130327,10.93
20130401,12.75
20130506,8.03
20130524,11.45
20130612,8.57
20130618,9.28
20130624,8.28
20130715,9.73
20130807,8.11
20131025,11.64
