20090202,23.78
20090316,22.75
20090320,23.44
20090504,28.8
20090806,27.0
20090819,24.06
20091103,22.3
20091112,24.25
20091210,33.9
20100122,35.19
20100318,33.5
20100329,32.89
20100423,31.3
20100521,26.0
20100609,25.91
20100716,25.58
20100909,24.67
20100929,25.05
20101015,30.72
20101129,25.65
20101228,26.0
20110405,31.46
20110420,29.93
20110504,28.91
20110520,28.68
20110602,28.62
20110616,28.25
20110627,25.97
20110630,26.38
20110711,24.23
20110720,23.57
20110727,22.85
20110810,20.34
20110825,20.46
20110905,20.6
20111005,20.82
20111227,26.98
20120104,27.49
20120216,27.4
20120305,26.53
20120402,24.09
20120410,22.05
20120416,21.81
20120502,23.02
20120524,17.31
20120820,21.2
20120910,19.2
20120924,19.17
20121004,16.95
20121010,16.82
20121015,17.42
20121029,15.95
20121101,16.8
20121122,7.3
20121129,7.81
20130122,13.7
20130312,12.77
20130401,12.75
20130506,8.03
20130524,11.45
20130807,8.11
20131025,11.64
