20090202,23.78
20090216,25.15
20090316,22.75
20090403,27.06
20090427,26.72
20090504,28.8
20090513,24.8
20090522,24.42
20090806,27.0
20090817,24.2
20091015,25.44
20091103,22.3
20091130,25.27
20091210,33.9
20091222,29.63
20100104,33.0
20100120,30.86
20100122,35.19
20100129,34.7
20100205,29.46
20100218,30.65
20100224,28.3
20100318,33.5
20100429,30.75
20100506,26.1
20100513,27.8
20100609,25.91
20100625,29.22
20100716,25.58
20100806,27.45
20100909,24.67
20101001,25.4
20101011,27.3
20101015,30.72
20101025,27.26
20101104,28.5
20101129,25.65
20101203,28.0
20101227,26.02
20110105,28.74
20110210,27.0
20110228,30.26
20110405,31.46
20110502,28.09
20110616,28.25
20110810,20.34
20110921,23.06
20111007,20.87
20111107,25.1
20111125,22.65
20120104,27.49
20120123,24.71
20120217,27.37
20120410,22.05
20120502,23.02
20120518,20.8
20120524,17.31
20120820,21.2
20120912,17.74
20120924,19.17
20121101,16.8
20121114,13.11
20121122,7.3
20121130,9.65
20130108,9.69
20130122,13.7
20130220,11.44
20130327,10.93
20130401,12.75
20130430,10.45
20130506,8.03
20130524,11.45
20130612,8.57
20130807,8.11
20131025,11.64
