20090202,17.6
20090206,20.1
20090302,14.54
20090508,22.38
20090515,20.08
20090602,25.25
20090714,19.8
20091022,31.92
20100127,26.39
20100401,36.65
20100520,24.97
20100805,30.45
20100826,26.9
20101104,29.9
20101130,26.11
20110112,30.15
20110808,12.8
20110815,15.4
20110822,13.88
20110919,16.76
20111004,13.64
20111107,16.65
20111129,14.17
20111206,15.84
20111219,13.69
20120316,19.43
20120628,10.93
20120704,12.44
20120726,9.24
20120823,11.55
20120904,9.56
20120914,13.7
20121116,9.83
20130103,12.8
20130611,5.82
20130620,6.6
20130705,5.45
20131025,11.7
