20090202,17.6
20090302,14.54
20090602,25.25
20090714,19.8
20090813,25.6
20090817,24.1
20090824,25.9
20090902,24.2
20090918,27.48
20091022,31.92
20100127,26.39
20100401,36.65
20100520,24.97
20100607,25.6
20100716,25.85
20100805,30.45
20101130,26.11
20110112,30.15
20110203,28.5
20110317,25.53
20110404,27.08
20110426,24.66
20110624,18.55
20110704,19.55
20110808,12.8
20111004,13.64
20111020,13.68
20111219,13.69
20120203,18.65
20120316,19.43
20120418,17.27
20120427,16.97
20120522,13.94
20120726,9.24
20120904,9.56
20120914,13.7
20130103,12.8
20130222,9.72
20130308,10.64
20130401,9.6
20130416,7.68
20130516,6.7
20130611,5.82
20130705,5.45
20130910,9.45
20131025,11.7
