20090202,17.6
20090302,14.54
20090309,15.35
20090316,15.88
20090330,16.76
20090408,18.22
20090420,19.25
20090428,19.51
20090602,25.25
20090714,19.8
20090729,23.22
20090813,25.6
20090817,24.1
20090824,25.9
20090902,24.2
20090918,27.48
20090925,26.36
20091022,31.92
20100127,26.39
20100316,34.28
20100324,34.8
20100329,35.99
20100401,36.65
20100409,35.89
20100423,34.0
20100429,32.82
20100520,24.97
20100607,25.6
20100716,25.85
20100805,30.45
20101130,26.11
20110112,30.15
20110126,28.83
20110203,28.5
20110208,28.41
20110216,27.96
20110310,25.79
20110317,25.53
20110404,27.08
20110419,24.0
20110426,24.66
20110503,22.79
20110513,22.17
20110524,22.19
20110531,22.04
20110624,18.55
20110704,19.55
20110721,17.25
20110808,12.8
20110919,16.76
20111004,13.64
20111020,13.68
20111219,13.69
20120126,18.33
20120203,18.65
20120316,19.43
20120402,17.55
20120418,17.27
20120427,16.97
20120518,13.13
20120522,13.94
20120525,13.1
20120605,12.55
20120611,12.43
20120628,10.93
20120717,10.4
20120726,9.24
20120904,9.56
20120914,13.7
20130103,12.8
20130110,12.71
20130123,11.97
20130201,11.15
20130206,10.98
20130222,9.72
20130308,10.64
20130325,9.04
20130401,9.6
20130408,8.33
20130416,7.68
20130516,6.7
20130611,5.82
20130705,5.45
20130910,9.45
20130926,9.74
20131025,11.7
