20090812,28.98
20090818,27.05
20090824,31.65
20090911,27.39
20091019,30.25
20091103,23.8
20091204,31.41
20091214,37.8
20091217,35.6
20100105,40.8
20100115,35.5
20100119,38.15
20100126,33.2
20100202,35.62
20100205,32.59
20100222,37.35
20100226,32.95
20100316,37.05
20100318,40.5
20100325,37.6
20100423,38.76
20100507,30.99
20100513,32.8
20100520,28.2
20100527,30.03
20100607,26.15
20100611,29.92
20100623,30.15
20100716,24.47
20100727,29.0
20100830,26.51
20100902,29.95
20100916,30.6
20101020,26.82
20101104,31.75
20101130,26.59
20101210,28.88
20110124,27.72
20110210,23.9
20110314,22.9
20110405,26.9
20110418,23.96
20110531,24.44
20110729,18.57
20110810,14.0
20110905,14.36
20110919,17.98
20111003,13.79
20111028,15.82
20111123,12.64
20120222,16.51
20120611,12.37
20120704,15.75
20120904,14.87
20120914,18.92
20121031,17.24
20121205,23.6
20121226,22.31
20130123,26.33
20130221,21.48
20130409,25.01
20130415,21.75
20130429,20.98
20130607,24.3
20130614,22.2
20130715,26.45
20130812,24.21
20130821,29.22
20130930,25.47
20131025,27.99
