20090812,28.98
20090817,26.73
20090820,31.09
20090911,27.39
20091019,30.25
20091103,23.8
20091223,39.77
20100104,39.3
20100105,40.8
20100126,33.2
20100318,40.5
20100423,38.76
20100607,26.15
20100611,29.92
20100716,24.47
20100726,28.75
20100729,27.55
20100805,29.5
20100811,27.31
20100817,29.33
20100826,26.43
20101018,28.33
20101020,26.82
20101104,31.75
20101116,28.27
20101220,25.86
20110124,27.72
20110314,22.9
20110405,26.9
20110525,23.24
20110531,24.44
20110720,17.78
20110729,18.57
20110810,14.0
20110817,15.34
20110819,13.66
20110919,17.98
20110923,15.21
20111003,13.79
20111005,14.62
20111123,12.64
20111130,13.72
20111219,12.57
20111223,14.45
20120222,16.51
20120411,14.61
20120420,15.7
20120423,15.0
20120424,16.0
20120426,14.75
20120507,15.64
20120611,12.37
20120704,15.75
20120711,14.63
20120822,16.75
20120904,14.87
20121023,19.26
20121031,17.24
20121205,23.6
20130123,26.33
20130221,21.48
20130222,22.34
20130409,25.01
20130520,21.4
20130607,24.3
20130614,22.2
20130715,26.45
20130815,24.96
20130821,29.22
20130827,27.3
20131021,27.3
20131022,28.35
20131023,27.8
20131024,28.6
20131025,27.99
