20090812,28.98
20090817,26.73
20090824,31.65
20090911,27.39
20090923,29.99
20091001,28.1
20091014,30.3
20091103,23.8
20100105,40.8
20100115,35.5
20100119,38.15
20100126,33.2
20100202,35.62
20100205,32.59
20100222,37.35
20100226,32.95
20100318,40.5
20100412,37.05
20100415,39.69
20100525,27.62
20100527,30.03
20100607,26.15
20100621,30.2
20100716,24.47
20100806,29.6
20100811,27.31
20100817,29.33
20100826,26.43
20100916,30.6
20101020,26.82
20101104,31.75
20101130,26.59
20101210,28.88
20101220,25.86
20110113,27.95
20110314,22.9
20110405,26.9
20110418,23.96
20110426,25.51
20110810,14.0
20110815,15.51
20110819,13.66
20110831,15.6
20110905,14.36
20110919,17.98
20111004,13.75
20111028,15.82
20111123,12.64
20111206,13.91
20111219,12.57
20120124,15.52
20120131,14.25
20120222,16.51
20120328,14.47
20120402,15.57
20120410,14.54
20120424,16.0
20120611,12.37
20120704,15.75
20120725,14.32
20120822,16.75
20120904,14.87
20120924,19.08
20120926,17.87
20121015,19.55
20121031,17.24
20121205,23.6
20121214,22.09
20130123,26.33
20130221,21.48
20130409,25.01
20130429,20.98
20130607,24.3
20130614,22.2
20130621,25.25
20130627,23.72
20130715,26.45
20130806,24.1
20130821,29.22
20130930,25.47
20131025,27.99
