20090202,10.34
20090319,14.05
20090331,11.54
20090623,16.56
20090714,15.2
20090724,17.25
20090901,15.85
20091007,18.7
20091028,16.35
20091113,18.48
20100407,15.01
20100426,16.27
20100520,14.05
20100818,18.1
20100825,10.9
20100902,11.94
20100929,10.06
20101124,12.2
20110222,11.27
20110429,13.4
20110503,11.07
20110629,12.04
20110826,10.5
20110902,12.0
20111004,10.91
20120118,12.89
20120217,11.79
20120601,15.47
20120615,14.09
20120719,16.09
20120723,14.55
20120820,16.84
20120831,15.55
20121105,19.19
20121204,16.5
20130103,19.44
20130108,17.8
20130429,21.3
20130703,17.19
20131025,22.18
