20090202,10.34
20090331,11.54
20090528,14.29
20090714,15.2
20090724,17.25
20090901,15.85
20090915,18.31
20091007,18.7
20091028,16.35
20091113,18.48
20091230,18.1
20100301,17.7
20100407,15.01
20100520,14.05
20100818,18.1
20100825,10.9
20100929,10.06
20101124,12.2
20110222,11.27
20110401,13.0
20110429,13.4
20110503,11.07
20110629,12.04
20110826,10.5
20111004,10.91
20111031,11.11
20111209,12.88
20120118,12.89
20120217,11.79
20120314,13.6
20120416,13.27
20120516,15.45
20120601,15.47
20120615,14.09
20120719,16.09
20120723,14.55
20120831,15.55
20120903,16.85
20121105,19.19
20121204,16.5
20130103,19.44
20130108,17.8
20130313,20.68
20130429,21.3
20130703,17.19
20131025,22.18
