20090202,10.34
20090218,13.21
20090319,14.05
20090323,11.73
20090331,11.54
20090408,13.1
20090423,12.35
20090512,15.09
20090604,14.4
20090623,16.56
20090714,15.2
20090724,17.25
20090901,15.85
20090915,18.31
20090923,17.05
20091007,18.7
20091028,16.35
20091113,18.48
20091124,17.02
20091230,18.1
20100121,16.5
20100303,17.68
20100520,14.05
20100824,18.1
20100825,10.9
20100903,11.93
20100929,10.06
20101104,12.12
20110222,11.27
20110429,13.4
20110503,11.07
20110629,12.04
20110826,10.5
20110902,12.0
20111118,11.2
20111209,12.88
20120223,11.79
20120516,15.45
20120615,14.09
20120719,16.09
20120723,14.55
20120726,15.87
20120802,14.84
20120820,16.84
20120831,15.55
20120903,16.85
20121105,19.19
20121204,16.5
20130103,19.44
20130108,17.8
20130111,19.1
20130124,18.2
20130313,20.68
20130402,19.3
20130429,21.3
20130531,20.97
20130703,17.19
20130924,20.65
20131017,23.13
20131025,22.18
