20090202,10.34
20090218,13.21
20090331,11.54
20090402,12.5
20090512,15.09
20090513,14.5
20090518,15.26
20090525,14.4
20090821,16.98
20090901,15.85
20090911,17.2
20090915,18.31
20091002,17.25
20091007,18.7
20091028,16.35
20091113,18.48
20091124,17.02
20091125,17.45
20100303,17.68
20100420,15.4
20100426,16.27
20100520,14.05
20100524,14.85
20100824,18.1
20100929,10.06
20101021,11.8
20101022,11.65
20101104,12.12
20101110,11.4
20101124,12.2
20101129,11.65
20101130,12.09
20101203,11.61
20110304,11.57
20110309,12.0
20110310,11.6
20110311,12.0
20110321,11.62
20110325,12.09
20110328,11.72
20110429,13.4
20110502,11.49
20110503,11.07
20110505,11.45
20110629,12.04
20110826,10.5
20110831,11.85
20111004,10.91
20111005,11.2
20111209,12.88
20120216,12.3
20120223,11.79
20120313,13.53
20120322,13.0
20120326,13.5
20120615,14.09
20120718,15.68
20120719,16.09
20120724,14.75
20120726,15.87
20120802,14.84
20120830,16.54
20120831,15.55
20121024,18.82
20121031,18.0
20121105,19.19
20121204,16.5
20130313,20.68
20130326,19.8
20130328,20.3
20130402,19.3
20130514,21.3
20130529,20.7
20130531,20.97
20130705,17.25
20130711,18.2
20130716,17.89
20131014,22.09
20131017,23.13
20131025,22.18
