20090202,32.31
20090206,38.75
20090302,29.12
20090330,30.43
20090506,40.0
20090714,32.22
20091125,50.3
20091221,48.14
20100119,54.95
20100205,47.16
20100414,59.85
20100520,43.85
20100602,49.95
20100716,42.85
20100802,50.53
20100917,47.13
20101005,53.51
20101228,54.74
20110118,60.92
20110516,47.47
20110728,51.15
20110808,39.81
20110920,47.92
20111020,39.65
20111107,46.0
20111219,38.59
20120207,45.84
20120312,40.62
20120502,43.2
20120517,35.83
20120705,41.77
20120904,32.45
20120918,39.55
20121128,35.87
20130102,44.1
20130222,35.72
20130509,35.15
20130626,28.45
20130816,36.6
20131025,35.07
