20090202,32.31
20090302,29.12
20090330,30.43
20090504,40.0
20090707,31.89
20090902,36.01
20090922,41.77
20091001,40.05
20091028,42.71
20091125,50.3
20100119,54.95
20100414,59.85
20100520,43.85
20100716,42.85
20100826,45.86
20101108,56.1
20101213,58.19
20110118,60.92
20110217,57.99
20110303,56.6
20110316,50.75
20110405,54.4
20110418,50.64
20110516,47.47
20110617,47.22
20110704,52.35
20110808,39.81
20110920,47.92
20111020,39.65
20111107,46.0
20111219,38.59
20120203,45.87
20120302,44.45
20120402,44.01
20120502,43.2
20120517,35.83
20120705,41.77
20120725,35.65
20120904,32.45
20130102,44.1
20130402,33.2
20130418,31.9
20130703,28.39
20130816,36.6
20130910,37.85
20131025,35.07
