20090202,32.31
20090206,38.75
20090302,29.12
20090304,32.69
20090309,29.7
20090323,33.32
20090330,30.43
20090504,40.0
20090513,36.6
20090601,39.9
20090707,31.89
20090814,38.5
20090902,36.01
20091022,46.92
20091028,42.71
20100119,54.95
20100205,47.16
20100414,59.85
20100520,43.85
20100531,50.0
20100716,42.85
20100809,50.71
20100826,45.86
20110118,60.92
20110316,50.75
20110405,54.4
20110617,47.22
20110704,52.35
20110808,39.81
20110817,43.8
20110822,40.94
20110920,47.92
20111004,41.0
20111014,44.02
20111020,39.65
20111107,46.0
20111219,38.59
20120203,45.87
20120312,40.62
20120402,44.01
20120517,35.83
20120705,41.77
20120725,35.65
20120813,38.61
20120904,32.45
20120918,39.55
20121003,35.7
20121016,38.11
20121024,35.32
20121101,38.39
20121116,35.48
20130102,44.1
20130402,33.2
20130409,36.19
20130418,31.9
20130509,35.15
20130703,28.39
20130816,36.6
20130829,34.0
20130910,37.85
20131009,33.2
20131025,35.07
