20090202,5.75
20090330,5.2
20090512,6.56
20090616,6.92
20090713,8.23
20090817,7.1
20090928,7.29
20091019,8.9
20091110,9.4
20091209,10.0
20100106,10.5
20100120,11.05
20100503,10.2
20100520,8.75
20100623,8.8
20100716,9.34
20100802,10.38
20100813,9.62
20100914,10.84
20100921,10.39
20101013,12.41
20101215,10.82
20110209,11.2
20110406,12.25
20110503,12.4
20110517,12.6
20110721,11.15
20110808,10.48
20110901,12.37
20111214,11.07
20120119,11.5
20120222,14.25
20120308,14.64
20120327,15.5
20120330,14.78
20120405,15.65
20120430,14.8
20120507,16.2
20120524,14.86
20120619,16.81
20120625,15.81
20120705,16.83
20120716,16.14
20120814,19.12
20120912,16.47
20121002,17.63
20121015,17.67
20121031,17.86
20121127,18.15
20130104,19.88
20130123,21.01
20130206,21.7
20130403,20.89
20130515,20.5
20130624,16.25
20131025,18.7
