20090202,5.75
20090203,6.04
20090330,5.2
20090508,7.21
20090512,6.56
20090529,7.72
20090616,6.92
20090713,8.23
20090817,7.1
20090821,7.98
20090904,7.43
20090917,7.87
20090928,7.29
20091019,8.9
20091022,8.28
20091209,10.0
20091216,9.38
20100120,11.05
20100303,9.32
20100503,10.2
20100520,8.75
20100615,9.38
20100623,8.8
20100802,10.38
20100813,9.62
20101013,12.41
20101022,10.95
20101130,11.69
20101215,10.82
20110126,12.06
20110209,11.2
20110310,12.09
20110318,11.34
20110406,12.25
20110414,11.52
20110517,12.6
20110808,10.48
20110901,12.37
20110905,11.55
20110908,12.21
20110923,11.22
20110930,12.24
20111214,11.07
20120102,12.24
20120119,11.5
20120405,15.65
20120430,14.8
20120507,16.2
20120524,14.86
20120619,16.81
20120625,15.81
20120814,19.12
20120829,17.33
20120906,18.59
20120912,16.47
20130206,21.7
20130322,19.16
20130403,20.89
20130429,19.37
20130515,20.5
20130624,16.25
20130628,17.7
20130703,16.59
20130730,18.0
20130821,16.9
20130919,18.89
20130930,17.35
20131025,18.7
