20090202,5.75
20090203,6.04
20090330,5.2
20090406,6.02
20090713,8.23
20090928,7.29
20100118,10.36
20100120,11.05
20100126,10.0
20100208,9.42
20100503,10.2
20100621,9.28
20100623,8.8
20100929,10.61
20101005,11.9
20101007,11.32
20101013,12.41
20101014,11.38
20101022,10.95
20101025,11.45
20101215,10.82
20101217,11.5
20110407,12.25
20110414,11.52
20110513,12.25
20110517,12.6
20110727,11.3
20110729,11.67
20110811,10.5
20111107,11.9
20111123,11.28
20111125,11.75
20111129,11.19
20111209,11.7
20111214,11.07
20120110,12.11
20120119,11.5
20120222,14.25
20120223,13.7
20120327,15.5
20120328,15.0
20120405,15.65
20120720,16.38
20120730,17.67
20120731,17.1
20120814,19.12
20120817,17.75
20120912,16.47
20120919,17.75
20121226,18.78
20130121,20.1
20130123,21.01
20130131,20.55
20130204,21.3
20130205,21.0
20130206,21.7
20130218,20.15
20130521,20.45
20130618,18.16
20130624,16.25
20130627,17.67
20130702,16.7
20130919,18.89
20131016,17.57
20131025,18.7
