20090202,5.75
20090331,5.21
20090504,7.1
20090512,6.56
20090529,7.72
20090616,6.92
20090713,8.23
20090817,7.1
20090928,7.29
20091016,8.85
20091216,9.38
20100120,11.05
20100208,9.42
20100503,10.2
20100520,8.75
20100623,8.8
20100802,10.38
20100826,9.65
20100929,10.61
20101013,12.41
20101014,11.38
20101022,10.95
20101130,11.69
20101215,10.82
20110126,12.06
20110209,11.2
20110406,12.25
20110414,11.52
20110517,12.6
20110610,11.34
20110729,11.67
20110808,10.48
20110901,12.37
20110923,11.22
20110930,12.24
20111214,11.07
20111220,12.2
20120119,11.5
20120222,14.25
20120305,13.63
20120327,15.5
20120430,14.8
20120507,16.2
20120515,15.27
20120521,16.1
20120524,14.86
20120619,16.81
20120625,15.81
20120705,16.83
20120716,16.14
20120814,19.12
20120822,17.45
20120906,18.59
20120911,18.05
20120912,16.47
20120928,18.35
20121002,17.63
20121121,19.01
20121127,18.15
20121217,18.55
20130118,19.99
20130123,21.01
20130131,20.55
20130206,21.7
20130214,21.45
20130218,20.15
20130322,19.16
20130403,20.89
20130415,19.38
20130521,20.45
20130618,18.16
20130624,16.25
20130628,17.7
20130703,16.59
20130730,18.0
20130821,16.9
20130917,17.93
20130919,18.89
20130930,17.35
20131025,18.7
