20090202,4.65
20090217,3.44
20090331,3.8
20090415,3.97
20090626,5.87
20090713,5.9
20090806,8.13
20090925,6.7
20091112,8.33
20100106,8.3
20100201,7.73
20100208,6.78
20100319,7.66
20100422,7.33
20100504,6.17
20100517,6.0
20100909,5.82
20100927,6.13
20101026,8.81
20101130,9.05
20110210,7.27
20110309,9.23
20110331,8.83
20110506,7.99
20110524,7.0
20110606,7.92
20110624,6.51
20110705,6.88
20110808,5.08
20110926,5.11
20111028,6.7
20120105,5.67
20120126,6.95
20120301,7.19
20120315,6.3
20120511,8.5
20120517,7.55
20120627,7.92
20120705,8.57
20120723,8.17
20120906,11.05
20120917,10.88
20121106,13.32
20121204,12.07
20121228,13.91
20130104,13.33
20130110,14.4
20130201,14.93
20130227,16.41
20130401,14.3
20130415,14.37
20130527,17.42
20130703,15.1
20130809,17.98
20130910,18.25
20131025,17.22
