20090202,27.75
20090206,32.48
20090302,25.25
20090304,28.3
20090309,25.77
20090310,27.37
20090714,27.85
20091215,43.2
20091221,40.9
20100119,47.25
20100205,40.8
20100414,51.34
20100520,37.5
20100521,40.29
20100716,37.75
20101213,50.92
20101230,48.5
20110118,53.41
20110316,44.7
20110318,46.83
20110808,36.54
20110811,40.15
20110819,37.31
20110920,44.0
20111004,37.85
20111014,41.18
20111017,38.74
20111107,42.64
20111219,36.8
20120206,43.92
20120517,34.78
20121128,35.22
20130102,42.6
20130703,26.0
20131025,32.25
