20090202,27.75
20090302,25.25
20090330,26.66
20090601,33.79
20090707,27.75
20090819,32.15
20090902,32.2
20091001,35.67
20091022,41.7
20091028,37.85
20091125,43.37
20100119,47.25
20100414,51.34
20100520,37.5
20100705,37.6
20100716,37.75
20100826,40.7
20101020,49.3
20101111,49.99
20101213,50.92
20110118,53.41
20110217,50.61
20110316,44.7
20110405,48.3
20110516,42.15
20110704,47.05
20110728,46.27
20110808,36.54
20110920,44.0
20111219,36.8
20120207,43.97
20120302,43.3
20120413,42.85
20120517,34.78
20120705,40.5
20120904,32.12
20130102,42.6
20130228,36.55
20130319,32.39
20130402,31.84
20130409,34.08
20130418,30.45
20130516,29.7
20130703,26.0
20130910,33.68
20131025,32.25
