20090202,27.75
20090206,32.48
20090302,25.25
20090601,33.79
20090714,27.85
20090727,32.43
20091001,35.67
20091019,41.4
20091028,37.85
20091109,43.0
20091221,40.9
20100119,47.25
20100205,40.8
20100414,51.34
20100504,43.15
20100512,44.4
20100520,37.5
20100602,42.9
20100716,37.75
20100802,44.1
20100830,40.7
20101018,49.1
20101228,48.3
20110118,53.41
20110303,49.6
20110316,44.7
20110405,48.3
20110516,42.15
20110728,46.27
20110808,36.54
20110920,44.0
20111004,37.85
20111014,41.18
20111020,37.21
20111107,42.64
20111219,36.8
20120207,43.97
20120312,39.47
20120502,41.8
20120517,34.78
20120705,40.5
20120904,32.12
20120918,38.25
20121116,34.65
20130102,42.6
20130222,34.1
20130509,33.15
20130703,26.0
20130910,33.68
20131025,32.25
