20090202,27.75
20090206,32.48
20090302,25.25
20090304,28.3
20090309,25.77
20090331,26.75
20090413,30.42
20090428,29.5
20090504,33.15
20090513,31.1
20090601,33.79
20090714,27.85
20090727,32.43
20091001,35.67
20091019,41.4
20091026,41.51
20091028,37.85
20091029,41.1
20091109,43.0
20091112,40.6
20091125,43.37
20091221,40.9
20100119,47.25
20100127,41.96
20100203,43.52
20100205,40.8
20100218,45.2
20100414,51.34
20100429,47.85
20100504,43.15
20100512,44.4
20100520,37.5
20100521,40.29
20100602,42.9
20100716,37.75
20100802,44.1
20100818,44.28
20100830,40.7
20100901,43.3
20100917,41.82
20101018,49.1
20101130,48.0
20101213,50.92
20101228,48.3
20110118,53.41
20110209,48.69
20110303,49.6
20110316,44.7
20110405,48.3
20110516,42.15
20110527,44.95
20110617,42.71
20110704,47.05
20110728,46.27
20110803,43.61
20110808,36.54
20110811,40.15
20110819,37.31
20110920,44.0
20111004,37.85
20111014,41.18
20111020,37.21
20111107,42.64
20111219,36.8
20120207,43.97
20120302,43.3
20120312,39.47
20120316,41.9
20120502,41.8
20120517,34.78
20120705,40.5
20120724,35.15
20120813,37.66
20120904,32.12
20120918,38.25
20121003,34.69
20121106,37.2
20121116,34.65
20130102,42.6
20130222,34.1
20130228,36.55
20130319,32.39
20130409,34.08
20130418,30.45
20130509,33.15
20130516,29.7
20130703,26.0
20130910,33.68
20131009,30.47
20131025,32.25
