20090202,27.75
20090206,32.48
20090302,25.25
20090304,28.3
20090309,25.77
20090310,27.37
20090313,26.6
20090430,30.48
20090504,33.15
20090610,33.45
20090714,27.85
20090715,30.17
20090828,33.6
20090902,32.2
20090930,36.6
20091001,35.67
20091026,41.51
20091028,37.85
20091109,43.0
20091215,43.2
20091221,40.9
20100119,47.25
20100205,40.8
20100218,45.2
20100223,43.79
20100305,47.35
20100414,51.34
20100520,37.5
20100521,40.29
20100531,42.88
20100716,37.75
20100720,40.9
20100802,44.1
20100826,40.7
20100901,43.3
20100910,41.45
20101018,49.1
20101019,48.08
20101020,49.3
20101209,49.46
20101213,50.92
20101230,48.5
20110118,53.41
20110303,49.6
20110316,44.7
20110318,46.83
20110405,48.3
20110516,42.15
20110527,44.95
20110617,42.71
20110801,45.58
20110808,36.54
20110811,40.15
20110819,37.31
20110920,44.0
20111004,37.85
20111014,41.18
20111017,38.74
20111107,42.64
20111219,36.8
20120206,43.92
20120312,39.47
20120313,41.59
20120314,41.1
20120503,41.54
20120517,34.78
20120521,36.85
20120705,40.5
20120724,35.15
20120727,36.8
20120904,32.12
20120917,38.05
20121003,34.69
20121016,36.95
20121128,35.22
20130102,42.6
20130107,40.35
20130222,34.1
20130228,36.55
20130304,34.05
20130306,35.83
20130313,33.36
20130418,30.45
20130509,33.15
20130516,29.7
20130701,27.28
20130703,26.0
20130704,26.97
20130708,26.08
20130711,27.54
20130712,27.06
20130819,32.35
20130906,32.2
20130910,33.68
20131025,32.25
