20090202,27.75
20090206,32.48
20090302,25.25
20090304,28.3
20090309,25.77
20090323,28.4
20090330,26.66
20090413,30.42
20090420,29.13
20090504,33.15
20090513,31.1
20090601,33.79
20090603,31.7
20090610,33.45
20090707,27.75
20090814,33.75
20090819,32.15
20090824,33.6
20090902,32.2
20091022,41.7
20091028,37.85
20091109,43.0
20091112,40.6
20091125,43.37
20091208,41.13
20091215,43.2
20091221,40.9
20100119,47.25
20100205,40.8
20100414,51.34
20100504,43.15
20100510,45.15
20100520,37.5
20100602,42.9
20100608,40.26
20100622,42.25
20100705,37.6
20100818,44.28
20100826,40.7
20100901,43.3
20100910,41.45
20101213,50.92
20101228,48.3
20110118,53.41
20110316,44.7
20110405,48.3
20110516,42.15
20110527,44.95
20110617,42.71
20110704,47.05
20110808,36.54
20110817,40.3
20110819,37.31
20110920,44.0
20111004,37.85
20111014,41.18
20111020,37.21
20111107,42.64
20111129,38.85
20111206,40.53
20111219,36.8
20120104,40.79
20120113,38.95
20120207,43.97
20120312,39.47
20120402,42.55
20120410,40.32
20120413,42.85
20120517,34.78
20120620,39.85
20120625,38.23
20120705,40.5
20120725,35.12
20120810,37.66
20120904,32.12
20120918,38.25
20121003,34.69
20121016,36.95
20121024,34.29
20121106,37.2
20121116,34.65
20130102,42.6
20130130,37.29
20130201,39.2
20130222,34.1
20130228,36.55
20130305,33.81
20130306,35.83
20130402,31.84
20130409,34.08
20130418,30.45
20130509,33.15
20130516,29.7
20130521,31.37
20130531,28.65
20130604,30.3
20130612,27.4
20130618,29.1
20130703,26.0
20130822,32.4
20130829,30.8
20130910,33.68
20131009,30.47
20131025,32.25
