20090202,23.3
20090206,26.84
20090302,20.84
20090304,23.28
20090309,21.25
20090323,24.2
20090330,21.8
20090508,29.2
20090513,26.35
20090520,30.69
20090707,23.7
20091019,38.79
20091028,34.0
20100119,43.0
20100205,36.98
20100413,45.15
20100520,31.4
20100531,37.0
20100705,31.68
20100818,39.54
20100825,35.68
20110124,48.77
20110316,39.74
20110405,44.25
20110513,36.9
20110704,41.5
20110808,31.2
20110920,37.64
20111020,30.8
20111108,35.74
20111219,30.45
20120213,36.63
20120517,30.15
20120705,33.81
20120830,25.41
20120918,30.6
20121116,27.8
20130102,34.23
20130703,19.37
20130819,26.43
20131010,23.4
20131025,25.92
