20090202,23.3
20090206,26.84
20090302,20.84
20090330,21.8
20090520,30.69
20090714,23.81
20090804,29.2
20091001,31.3
20091019,38.79
20091028,34.0
20091109,38.64
20091221,37.16
20100119,43.0
20100205,36.98
20100413,45.15
20100520,31.4
20100531,37.0
20100716,31.8
20100805,39.28
20100917,36.57
20101104,46.23
20101228,42.7
20110124,48.77
20110210,43.0
20110316,39.74
20110405,44.25
20110513,36.9
20110728,40.8
20110808,31.2
20110920,37.64
20111020,30.8
20111028,35.69
20111219,30.45
20120213,36.63
20120312,33.39
20120419,36.31
20120517,30.15
20120810,31.19
20120830,25.41
20120918,30.6
20121204,27.9
20130102,34.23
20130703,19.37
20130819,26.43
20131025,25.92
