20090202,23.3
20090206,26.84
20090302,20.84
20090304,23.28
20090306,21.5
20090310,22.85
20090520,30.69
20090714,23.81
20090715,25.66
20090922,33.24
20090930,32.6
20091001,31.3
20091019,38.79
20091028,34.0
20091029,37.15
20100118,41.46
20100119,43.0
20100205,36.98
20100409,45.1
20100520,31.4
20100531,37.0
20100607,34.08
20100705,31.68
20100803,39.0
20100825,35.68
20101104,46.23
20101223,44.62
20101228,42.7
20110118,48.66
20110209,43.18
20110405,44.25
20110513,36.9
20110527,40.29
20110728,40.8
20110808,31.2
20110815,34.98
20110819,32.4
20110920,37.64
20111004,31.55
20111028,35.69
20111101,33.4
20111107,35.7
20111219,30.45
20120213,36.63
20120215,35.25
20120503,35.65
20120517,30.15
20120705,33.81
20120802,29.4
20120810,31.19
20120830,25.41
20120914,30.49
20120928,28.14
20121204,27.9
20130102,34.23
20130107,32.0
20130222,27.1
20130228,29.05
20130304,27.3
20130307,28.6
20130313,26.8
20130409,27.4
20130606,22.1
20130612,20.4
20130620,21.92
20130628,20.2
20130701,20.55
20130703,19.37
20130819,26.43
20131025,25.92
