20090202,23.3
20090206,26.84
20090302,20.84
20090323,24.2
20090330,21.8
20090504,28.75
20090513,26.35
20090520,30.69
20090714,23.81
20090804,29.2
20090902,28.57
20090922,33.24
20091001,31.3
20091019,38.79
20091028,34.0
20091029,37.15
20091109,38.64
20091112,36.05
20091117,39.26
20091221,37.16
20100119,43.0
20100126,38.76
20100203,39.85
20100205,36.98
20100309,43.05
20100312,40.75
20100413,45.15
20100504,36.85
20100512,37.45
20100520,31.4
20100531,37.0
20100607,34.08
20100623,36.8
20100705,31.68
20100716,31.8
20100805,39.28
20100818,39.54
20100825,35.68
20100902,38.67
20100917,36.57
20100927,40.9
20101028,43.0
20101104,46.23
20101228,42.7
20110105,47.12
20110124,48.77
20110210,43.0
20110303,43.48
20110316,39.74
20110405,44.25
20110513,36.9
20110531,40.5
20110617,38.1
20110704,41.5
20110728,40.8
20110808,31.2
20110815,34.98
20110822,32.4
20110920,37.64
20111004,31.55
20111014,33.73
20111020,30.8
20111028,35.69
20111206,34.37
20111219,30.45
20120213,36.63
20120312,33.39
20120419,36.31
20120503,35.65
20120517,30.15
20120705,33.81
20120724,28.89
20120810,31.19
20120830,25.41
20120918,30.6
20121204,27.9
20130102,34.23
20130222,27.1
20130409,27.4
20130415,24.37
20130509,25.4
20130703,19.37
20130819,26.43
20131010,23.4
20131025,25.92
