20090202,23.3
20090206,26.84
20090302,20.84
20090304,23.28
20090309,21.25
20090323,24.2
20090330,21.8
20090424,27.3
20090428,25.8
20090508,29.2
20090513,26.35
20090520,30.69
20090603,27.8
20090612,29.48
20090707,23.7
20090813,29.45
20090818,27.65
20090922,33.24
20091001,31.3
20091019,38.79
20091028,34.0
20091109,38.64
20091112,36.05
20091201,39.59
20091221,37.16
20100119,43.0
20100205,36.98
20100413,45.15
20100520,31.4
20100531,37.0
20100607,34.08
20100623,36.8
20100705,31.68
20100818,39.54
20100825,35.68
20100902,38.67
20100917,36.57
20101105,46.28
20101130,42.4
20101203,45.3
20101228,42.7
20110124,48.77
20110316,39.74
20110405,44.25
20110513,36.9
20110531,40.5
20110617,38.1
20110704,41.5
20110808,31.2
20110817,35.34
20110819,32.4
20110920,37.64
20111007,31.05
20111014,33.73
20111020,30.8
20111028,35.69
20111101,33.4
20111108,35.74
20111219,30.45
20120103,33.89
20120116,31.83
20120213,36.63
20120312,33.39
20120419,36.31
20120517,30.15
20120705,33.81
20120724,28.89
20120810,31.19
20120830,25.41
20120918,30.6
20121003,27.91
20121017,30.05
20121024,28.03
20121106,30.12
20121116,27.8
20130102,34.23
20130128,29.45
20130201,31.3
20130222,27.1
20130228,29.05
20130305,26.99
20130307,28.6
20130402,25.27
20130409,27.4
20130415,24.37
20130425,26.2
20130516,22.75
20130521,24.07
20130612,20.4
20130618,21.96
20130703,19.37
20130819,26.43
20130829,24.43
20130910,26.27
20131010,23.4
20131025,25.92
