20090202,7.81
20090204,7.72
20090216,8.67
20090309,7.29
20090327,8.71
20090330,8.33
20090403,8.86
20090407,8.37
20090417,9.39
20090420,8.94
20090504,10.6
20090515,9.65
20090518,10.19
20090521,9.66
20090526,10.56
20090527,10.1
20090528,10.75
20090623,8.96
20090701,10.0
20090723,9.17
20090810,10.79
20090817,10.1
20090831,11.57
20090903,10.9
20091015,12.4
20091028,11.13
20091116,11.72
20091126,10.38
20091230,11.46
20100127,10.09
20100201,10.74
20100205,10.13
20100219,10.73
20100326,10.1
20100414,11.7
20100430,11.13
20100503,11.67
20100507,10.79
20100513,11.43
20100525,10.85
20100531,11.7
20100601,11.2
20100630,12.5
20100719,11.17
20100806,11.92
20100811,11.3
20100818,11.91
20100831,11.14
20100915,12.1
20100921,11.54
20101018,13.91
20101022,12.67
20101026,13.33
20101029,12.72
20101124,14.0
20101130,12.66
20101227,14.82
20101230,14.2
20110114,15.12
20110204,13.37
20110215,14.24
20110228,13.59
20110401,15.78
20110412,15.0
20110525,16.5
20110615,15.0
20110705,16.01
20110808,13.0
20110817,14.6
20110819,13.67
20110831,15.3
20110905,14.32
20110919,15.67
20110929,14.28
20111227,17.59
20120102,16.81
20120402,24.55
20120411,22.83
20120510,25.33
20120517,23.04
20120822,30.83
20120912,25.93
20120913,27.45
20120921,25.48
20121005,30.17
20121023,27.97
20121030,29.33
20121121,26.85
20121126,30.11
20121213,27.91
20130301,32.0
20130320,29.57
20130328,32.13
20130517,25.51
20130528,27.95
20130624,20.4
20130628,23.11
20130703,21.31
20130723,23.96
20130815,20.86
20130816,21.89
20130827,19.55
20130906,22.26
20130913,20.95
20130919,22.58
20131009,21.4
20131025,23.6
