20090202,7.81
20090309,7.29
20090312,7.5
20090407,8.37
20090420,8.94
20090528,10.75
20090623,8.96
20090723,9.17
20090810,10.79
20090817,10.1
20090831,11.57
20090916,11.79
20091015,12.4
20091116,11.72
20100127,10.09
20100326,10.1
20100414,11.7
20100507,10.79
20100525,10.85
20100610,11.71
20100630,12.5
20100831,11.14
20100908,11.28
20100921,11.54
20100930,12.63
20101004,12.53
20101018,13.91
20101124,14.0
20101130,12.66
20101213,14.23
20101220,14.79
20101227,14.82
20110105,14.83
20110114,15.12
20110204,13.37
20110209,13.43
20110228,13.59
20110401,15.78
20110519,16.17
20110525,16.5
20110603,16.37
20110808,13.0
20110819,13.67
20110929,14.28
20111007,14.67
20111020,14.9
20111025,15.26
20111116,16.71
20111117,16.1
20111201,16.82
20111207,16.21
20111215,16.45
20111227,17.59
20120102,16.81
20120104,18.2
20120117,17.6
20120131,19.45
20120210,19.86
20120216,21.53
20120223,21.06
20120302,22.26
20120312,22.05
20120315,22.74
20120316,22.25
20120323,22.43
20120402,24.55
20120411,22.83
20120417,22.92
20120503,25.11
20120510,25.33
20120517,23.04
20120530,23.07
20120605,23.4
20120615,24.6
20120619,25.41
20120622,24.8
20120627,25.77
20120706,25.86
20120711,25.22
20120731,29.16
20120810,29.93
20120816,30.66
20120822,30.83
20120921,25.48
20120926,26.49
20121121,26.85
20130205,31.5
20130219,31.56
20130301,32.0
20130328,32.13
20130405,31.38
20130410,31.37
20130416,31.0
20130419,30.9
20130425,29.34
20130502,28.54
20130517,25.51
20130528,27.95
20130614,24.65
20130624,20.4
20130827,19.55
20131025,23.6
