20090202,7.81
20090309,7.29
20090407,8.37
20090420,8.94
20090528,10.75
20090623,8.96
20090723,9.17
20090810,10.79
20090817,10.1
20090831,11.57
20090916,11.79
20091015,12.4
20091116,11.72
20100127,10.09
20100326,10.1
20100414,11.7
20100507,10.79
20100525,10.85
20100610,11.71
20100630,12.5
20100831,11.14
20100908,11.28
20100921,11.54
20101018,13.91
20101124,14.0
20101130,12.66
20101227,14.82
20110114,15.12
20110204,13.37
20110401,15.78
20110525,16.5
20110808,13.0
20110819,13.67
20110929,14.28
20111020,14.9
20111116,16.71
20111201,16.82
20111207,16.21
20120102,16.81
20120104,18.2
20120117,17.6
20120216,21.53
20120223,21.06
20120302,22.26
20120315,22.74
20120402,24.55
20120411,22.83
20120510,25.33
20120517,23.04
20120530,23.07
20120619,25.41
20120627,25.77
20120706,25.86
20120711,25.22
20120822,30.83
20120921,25.48
20121121,26.85
20130205,31.5
20130219,31.56
20130301,32.0
20130328,32.13
20130517,25.51
20130528,27.95
20130624,20.4
20130827,19.55
20131025,23.6
