20090202,7.81
20090209,8.63
20090306,7.3
20090504,10.6
20090507,9.95
20090623,8.96
20090629,9.97
20090707,9.24
20090728,10.57
20090730,10.27
20090831,11.57
20090901,11.1
20091015,12.4
20091028,11.13
20091029,11.55
20091030,11.17
20091105,11.7
20091126,10.38
20091230,11.46
20100326,10.1
20100401,11.11
20100630,12.5
20100809,11.83
20100811,11.3
20100818,11.91
20100826,11.26
20100827,11.67
20100831,11.14
20100901,11.56
20101018,13.91
20101019,13.13
20101021,12.69
20101026,13.33
20101029,12.72
20101104,13.62
20101130,12.66
20101201,13.54
20101220,14.79
20110204,13.37
20110509,15.67
20110510,15.42
20110511,15.76
20110517,15.27
20110525,16.5
20110726,15.73
20110805,14.31
20110808,13.0
20110809,13.67
20110817,14.6
20110819,13.67
20110831,15.3
20110905,14.32
20110906,15.07
20110929,14.28
20111229,17.34
20120102,16.81
20120330,23.22
20120402,24.55
20120404,23.23
20120405,23.75
20120411,22.83
20120430,24.95
20120716,25.33
20120822,30.83
20120912,25.93
20120913,27.45
20120917,25.67
20121005,30.17
20121121,26.85
20121123,30.1
20121206,28.17
20130311,31.5
20130321,29.63
20130328,32.13
20130624,20.4
20130628,23.11
20130703,21.31
20130711,23.06
20130827,19.55
20131025,23.6
