20090202,17.66
20090330,17.02
20090807,19.19
20090813,20.0
20090819,18.65
20091015,21.81
20091019,22.96
20091020,21.71
20091021,22.2
20091023,21.4
20091111,22.5
20091126,20.81
20100416,20.67
20100429,22.3
20100531,20.64
20100602,19.85
20101006,25.7
20101008,25.09
20101015,26.4
20101019,25.7
20101021,26.79
20101111,25.01
20101203,28.15
20110311,25.99
20110314,26.45
20110321,25.2
20110406,28.34
20110729,26.13
20110801,26.89
20110825,24.31
20110908,26.5
20111007,25.5
20111013,27.19
20120206,29.1
20120330,32.72
20120402,33.6
20120409,32.09
20120412,33.3
20120418,32.45
20120423,33.48
20120427,32.59
20120511,35.26
20120528,34.28
20120530,33.09
20120627,37.5
20120720,35.8
20120727,37.5
20120801,35.15
20120914,30.7
20130103,33.74
20130108,32.0
20130121,36.75
20130225,33.64
20130228,35.0
20130301,33.41
20130318,35.23
20130322,33.33
20130416,36.19
20130422,35.09
20130423,36.28
20130429,34.45
20130523,37.64
20130603,36.53
20130604,37.09
20130618,34.87
20130621,32.01
20130808,36.75
20130828,33.79
20131023,38.0
20131025,37.35
