20090202,29.65
20090623,36.15
20091126,53.69
20091208,63.75
20100120,68.19
20100205,60.15
20100330,57.65
20100407,64.11
20100525,54.42
20100706,64.35
20100929,57.19
20101122,71.2
20110112,69.45
20110209,58.95
20110510,72.49
20110601,62.3
20110627,65.03
20110628,73.25
20110801,65.9
20110808,56.0
20110901,65.45
20111005,56.05
20111028,68.84
20111123,59.58
20111201,68.75
20111228,64.75
20120412,90.0
20120621,73.51
20120920,86.5
20121008,98.19
20130124,88.67
20130314,107.89
20130415,103.0
20130423,113.95
20130521,114.46
20130624,93.03
20130724,103.0
20130827,92.8
20130918,105.11
20131025,107.7
