20090202,29.65
20090205,30.69
20090226,28.4
20090504,35.65
20090507,33.93
20090518,37.04
20090521,34.38
20090601,38.26
20090608,35.9
20090720,42.8
20090722,40.59
20090810,46.4
20090817,43.97
20091022,55.75
20091028,53.19
20091109,57.6
20091126,53.69
20100120,68.19
20100127,62.15
20100202,65.29
20100205,60.15
20100218,65.34
20100330,57.65
20100407,64.11
20100427,56.96
20100505,60.76
20100525,54.42
20100714,64.5
20100804,56.15
20100901,63.0
20100929,57.19
20101122,71.2
20101210,66.7
20110103,70.23
20110209,58.95
20110401,69.0
20110412,65.35
20110510,72.49
20110601,62.3
20110628,73.25
20110808,56.0
20110901,65.45
20110905,61.2
20110914,65.0
20111005,56.05
20111028,68.84
20111123,59.58
20111201,68.75
20111208,65.22
20111213,68.51
20111215,64.49
20120412,90.0
20120425,84.38
20120502,90.9
20120621,73.51
20120704,80.91
20120711,76.79
20121008,98.19
20121108,90.26
20121213,95.87
20130124,88.67
20130403,108.22
20130415,103.0
20130423,113.95
20130426,108.07
20130520,114.7
20130624,93.03
20130628,99.6
20130705,94.45
20130724,103.0
20130827,92.8
20131025,107.7
