20090202,29.65
20090226,28.4
20090320,30.33
20090330,30.79
20090407,32.0
20090507,33.93
20090521,34.38
20090608,35.9
20090618,36.0
20090720,42.8
20090722,40.59
20090805,46.35
20090810,46.4
20090817,43.97
20090827,46.95
20090902,45.93
20090921,49.9
20090923,48.3
20091019,55.2
20091022,55.75
20091028,53.19
20091109,57.6
20091126,53.69
20091208,63.75
20100104,65.42
20100120,68.19
20100218,65.34
20100525,54.42
20100714,64.5
20100804,56.15
20100929,57.19
20101108,68.08
20101111,68.29
20101122,71.2
20110209,58.95
20110504,72.38
20110510,72.49
20110628,73.25
20110701,72.99
20110808,56.0
20111005,56.05
20111028,68.84
20111123,59.58
20111215,64.49
20111228,64.75
20120126,73.0
20120130,72.0
20120201,74.8
20120208,73.25
20120222,80.0
20120309,86.5
20120327,87.45
20120402,88.05
20120412,90.0
20120502,90.9
20120621,73.51
20120711,76.79
20120724,77.2
20120814,81.69
20120821,82.7
20120903,84.6
20120920,86.5
20121008,98.19
20130124,88.67
20130306,103.75
20130314,107.89
20130403,108.22
20130423,113.95
20130520,114.7
20130624,93.03
20130827,92.8
20131025,107.7
