20090202,4.41
20090216,4.89
20090303,4.04
20090430,5.82
20090513,4.99
20090601,5.68
20090714,5.19
20091014,6.9
20091028,6.13
20100104,7.68
20100208,6.67
20100409,7.84
20100520,6.58
20100623,7.29
20100630,6.65
20100802,8.15
20100826,7.33
20101108,8.69
20101220,7.7
20110112,8.36
20110204,6.99
20110401,7.99
20110523,6.92
20110705,7.48
20110801,6.41
20110808,5.15
20110901,6.28
20111004,5.69
20111027,6.76
20111123,6.0
20111206,6.96
20120316,7.81
20120517,4.98
20120816,6.36
20121023,5.26
20130308,6.72
20130418,5.97
20130528,6.53
20130705,5.29
20131025,6.24
