20090202,4.41
20090303,4.04
20090513,4.99
20090624,5.17
20090714,5.19
20090724,5.99
20090810,6.31
20090817,5.68
20090903,5.79
20091014,6.9
20091028,6.13
20091211,7.48
20100104,7.68
20100208,6.67
20100409,7.84
20100525,6.54
20100630,6.65
20100802,8.15
20100826,7.33
20101015,8.51
20101108,8.69
20110105,8.41
20110204,6.99
20110401,7.99
20110426,7.78
20110510,7.56
20110523,6.92
20110704,7.49
20110808,5.15
20110822,5.39
20110923,5.63
20111123,6.0
20120119,7.48
20120213,7.55
20120316,7.81
20120517,4.98
20120625,5.02
20120914,6.39
20121023,5.26
20121217,5.95
20130103,6.43
20130122,6.59
20130308,6.72
20130522,6.59
20130705,5.29
20131025,6.24
