20090202,4.41
20090206,4.99
20090302,4.07
20090323,5.26
20090324,5.05
20090714,5.19
20091026,6.77
20091028,6.13
20091230,7.36
20100104,7.68
20100325,7.14
20100405,7.69
20100407,7.49
20100409,7.84
20100628,7.16
20100630,6.65
20101026,8.41
20101028,8.23
20101108,8.69
20110204,6.99
20110217,7.72
20110310,7.06
20110705,7.48
20110805,5.79
20110808,5.15
20110809,5.5
20110817,5.95
20110822,5.39
20110901,6.28
20110905,5.9
20110906,6.05
20110913,5.74
20110915,5.93
20110923,5.63
20110927,5.94
20111004,5.69
20111027,6.76
20111123,6.0
20120316,7.81
20120517,4.98
20120521,5.38
20120816,6.36
20120904,5.74
20120914,6.39
20120928,5.61
20130122,6.59
20130204,6.09
20130308,6.72
20130705,5.29
20131025,6.24
