20090202,4.41
20090206,4.99
20090303,4.04
20090430,5.82
20090513,4.99
20090601,5.68
20090624,5.17
20090810,6.31
20090817,5.68
20091014,6.9
20091028,6.13
20100104,7.68
20100208,6.67
20100409,7.84
20100525,6.54
20100623,7.29
20100630,6.65
20100802,8.15
20100826,7.33
20101108,8.69
20101220,7.7
20110105,8.41
20110204,6.99
20110217,7.72
20110310,7.06
20110401,7.99
20110523,6.92
20110704,7.49
20110808,5.15
20110817,5.95
20110822,5.39
20110901,6.28
20110923,5.63
20111027,6.76
20111123,6.0
20120316,7.81
20120517,4.98
20120619,5.68
20120625,5.02
20120816,6.36
20120904,5.74
20120914,6.39
20121023,5.26
20130122,6.59
20130207,6.07
20130308,6.72
20130426,5.96
20130522,6.59
20130705,5.29
20130813,5.96
20130827,5.53
20131025,6.24
