20090202,4.41
20090206,4.99
20090216,4.89
20090303,4.04
20090320,4.81
20090323,5.26
20090331,4.95
20090430,5.82
20090513,4.99
20090601,5.68
20090714,5.19
20090810,6.31
20090817,5.68
20090826,6.18
20090903,5.79
20091014,6.9
20091026,6.77
20091028,6.13
20091104,6.81
20091126,6.85
20091207,7.45
20091228,7.17
20100104,7.68
20100121,6.94
20100203,7.17
20100208,6.67
20100218,7.3
20100324,7.1
20100409,7.84
20100427,7.15
20100512,7.36
20100520,6.58
20100623,7.29
20100630,6.65
20100708,7.52
20100716,7.32
20100802,8.15
20100826,7.33
20101108,8.69
20101220,7.7
20110112,8.36
20110204,6.99
20110217,7.72
20110310,7.06
20110401,7.99
20110426,7.78
20110503,7.22
20110510,7.56
20110523,6.92
20110705,7.48
20110714,6.53
20110801,6.41
20110805,5.79
20110808,5.15
20110817,5.95
20110825,5.5
20110901,6.28
20111004,5.69
20111027,6.76
20111123,6.0
20111206,6.96
20120227,7.26
20120316,7.81
20120517,4.98
20120619,5.68
20120625,5.02
20120723,5.36
20120730,6.15
20120802,5.82
20120816,6.36
20120904,5.74
20120914,6.39
20121023,5.26
20121106,5.81
20121227,5.99
20130103,6.43
20130207,6.07
20130308,6.72
20130418,5.97
20130528,6.53
20130705,5.29
20130801,5.9
20130827,5.53
20130918,6.27
20131025,6.24
