20090202,8.78
20090305,5.8
20090508,10.5
20090710,7.58
20090810,10.79
20090923,11.07
20091204,8.61
20091222,9.18
20100323,10.85
20100607,9.32
20100702,9.21
20100804,11.77
20100824,10.42
20100920,12.15
20101014,11.2
20101105,12.84
20101230,11.8
20110218,14.3
20110324,14.1
20110509,13.5
20110614,12.69
20110629,11.75
20110808,8.54
20110819,8.92
20110905,9.45
20111024,12.49
20111123,10.53
20111219,10.84
20120130,11.74
20120222,13.13
20120419,16.53
20120711,11.87
20120802,12.24
20121106,14.52
20121214,12.77
20130102,14.73
20130108,13.77
20130205,16.65
20130326,18.0
20130410,18.01
20130417,16.01
20130426,16.39
20130531,19.54
20130620,21.25
20130722,21.7
20131025,17.64
