20090202,8.78
20090305,5.8
20090414,9.55
20090420,8.69
20090506,10.37
20090616,8.02
20090810,10.79
20090818,9.95
20090923,11.07
20091106,8.67
20091110,9.04
20091112,8.67
20100318,10.34
20100323,10.85
20100625,9.93
20100702,9.21
20100804,11.77
20100824,10.42
20100902,11.46
20101230,11.8
20110216,14.2
20110217,13.9
20110218,14.3
20110316,13.3
20110324,14.1
20110325,13.36
20110722,11.36
20110728,10.46
20110803,10.9
20110808,8.54
20110921,11.94
20110922,11.34
20111123,10.53
20120302,12.99
20120306,12.37
20120419,16.53
20120711,11.87
20120719,12.89
20121106,14.52
20121119,13.81
20121123,14.38
20121206,13.1
20121211,13.65
20121214,12.77
20121218,14.0
20130417,16.01
20130424,17.6
20130429,16.42
20130722,21.7
20131025,17.64
