20090202,8.78
20090209,9.33
20090305,5.8
20090326,8.12
20090330,7.39
20090406,8.6
20090407,8.22
20090414,9.55
20090420,8.69
20090424,9.25
20090428,8.73
20090508,10.5
20090515,9.19
20090518,9.72
20090521,9.13
20090601,9.75
20090710,7.58
20090810,10.79
20090818,9.95
20090827,10.41
20090902,9.9
20090923,11.07
20091106,8.67
20091110,9.04
20091204,8.61
20091211,9.7
20091222,9.18
20100104,9.87
20100108,9.45
20100119,10.07
20100205,9.45
20100323,10.85
20100607,9.32
20100625,9.93
20100702,9.21
20100804,11.77
20100812,11.0
20100818,11.73
20100824,10.42
20100920,12.15
20101014,11.2
20101105,12.84
20101230,11.8
20110207,14.24
20110210,13.63
20110218,14.3
20110224,13.35
20110228,14.01
20110316,13.3
20110324,14.1
20110429,12.36
20110509,13.5
20110608,11.85
20110614,12.69
20110728,10.46
20110729,11.21
20110808,8.54
20110816,9.48
20110819,8.92
20110831,10.1
20110905,9.45
20110921,11.94
20111005,10.95
20111024,12.49
20111103,11.09
20111107,11.95
20111123,10.53
20111201,11.39
20111219,10.84
20120222,13.13
20120306,12.37
20120419,16.53
20120605,13.6
20120606,14.2
20120626,12.86
20120704,13.82
20120711,11.87
20120731,13.14
20120802,12.24
20120914,14.34
20121003,12.8
20121106,14.52
20121116,13.77
20121123,14.38
20121214,12.77
20130102,14.73
20130108,13.77
20130326,18.0
20130404,16.8
20130410,18.01
20130417,16.01
20130423,17.74
20130426,16.39
20130531,19.54
20130614,18.75
20130620,21.25
20130625,19.7
20130722,21.7
20130815,18.4
20130819,20.32
20130828,19.0
20130910,20.55
20130930,17.82
20131011,19.05
20131017,17.41
20131025,17.64
