20090202,5.73
20090306,4.41
20090317,4.59
20090331,4.81
20090420,5.58
20090622,6.72
20090714,7.05
20090810,10.75
20090814,9.24
20090902,9.94
20090910,11.19
20090918,10.9
20090922,11.35
20091002,10.91
20091014,12.85
20091126,11.35
20091210,14.53
20091222,14.72
20100111,15.25
20100519,10.11
20100715,13.5
20100720,12.86
20100804,13.98
20100811,13.43
20100901,15.84
20100908,14.85
20100921,15.47
20101005,17.99
20101019,16.74
20101104,18.1
20101123,17.6
20101124,18.6
20101209,18.1
20110105,20.93
20110114,19.3
20110126,21.2
20110223,19.3
20110309,21.25
20110404,22.78
20110427,23.19
20110520,23.74
20110607,25.0
20110629,22.67
20110720,21.29
20110808,13.96
20110901,19.07
20111020,13.3
20111125,13.02
20111229,12.8
20120208,16.43
20120302,16.3
20120316,15.52
20120518,10.91
20120606,10.48
20120723,11.25
20120914,16.6
20121227,12.79
20130201,15.31
20130325,13.35
20130410,15.7
20130417,14.2
20130430,17.4
20130614,15.45
20130819,18.28
20130916,18.63
20131025,19.55
