20090202,5.73
20090206,6.1
20090306,4.41
20090311,4.89
20090317,4.59
20090323,5.17
20090331,4.81
20090413,5.99
20090420,5.58
20090518,8.3
20090603,6.87
20090612,7.51
20090622,6.72
20090810,10.75
20090814,9.24
20090828,10.65
20090902,9.94
20091014,12.85
20091028,11.55
20091103,12.35
20091126,11.35
20091210,14.53
20091218,13.44
20100111,15.25
20100519,10.11
20100901,15.84
20100908,14.85
20101005,17.99
20101019,16.74
20110105,20.93
20110114,19.3
20110126,21.2
20110223,19.3
20110427,23.19
20110505,20.4
20110607,25.0
20110620,21.3
20110629,22.67
20110808,13.96
20110901,19.07
20111020,13.3
20111108,15.99
20111125,13.02
20111206,14.51
20111229,12.8
20120102,13.7
20120111,12.88
20120208,16.43
20120214,14.8
20120302,16.3
20120411,13.85
20120418,15.1
20120606,10.48
20120704,13.58
20120723,11.25
20120820,15.45
20120830,12.8
20120914,16.6
20121029,13.38
20121107,14.6
20121116,12.85
20121129,13.98
20121227,12.79
20130201,15.31
20130218,13.9
20130219,14.88
20130325,13.35
20130410,15.7
20130417,14.2
20130430,17.4
20130614,15.45
20130701,17.15
20130710,15.78
20130819,18.28
20130828,16.98
20130916,18.63
20130920,17.57
20131025,19.55
