20090202,29.76
20090303,30.5
20090306,31.51
20090316,33.6
20090331,35.38
20090601,44.4
20090708,35.64
20090714,36.25
20090901,37.33
20091117,44.15
20091125,44.85
20091201,45.1
20091207,43.27
20091210,42.4
20091216,42.4
20100106,41.81
20100205,35.8
20100317,41.55
20100406,40.59
20100414,38.65
20100420,38.55
20100423,38.28
20100429,37.09
20100506,34.01
20100507,33.66
20100511,33.52
20100520,31.06
20100525,30.39
20100610,34.94
20100616,34.58
20100701,30.19
20100705,30.0
20100804,33.9
20100824,29.56
20100826,29.1
20100906,33.34
20101007,28.31
20101021,26.68
20101126,27.23
20110223,33.01
20110302,33.2
20110304,33.65
20110401,33.09
20110415,29.64
20110420,29.48
20110426,29.36
20110506,27.22
20110510,27.73
20110513,26.4
20110517,27.45
20110527,27.29
20110607,25.52
20110620,25.5
20110624,25.2
20110720,24.81
20110726,26.38
20110801,26.15
20110808,20.75
20111003,20.06
20111005,19.8
20111007,19.9
20111020,20.46
20120118,26.44
20120124,27.73
20120207,27.75
20120302,26.6
20120314,25.77
20120319,25.25
20120326,24.98
20120410,22.16
20120423,22.15
20120425,22.07
20120504,21.4
20120515,19.28
20120517,19.2
20120611,19.15
20120614,18.87
20120625,18.48
20120627,18.24
20120710,18.95
20120914,24.35
20120924,23.71
20121015,23.68
20121026,22.89
20121106,22.44
20121109,21.44
20121206,19.04
20121220,21.27
20130104,20.78
20130114,20.2
20130116,20.2
20130124,19.92
20130131,18.23
20130215,15.7
20130226,14.7
20130228,14.49
20130304,14.23
20130507,19.59
20130521,19.38
20130702,14.14
20130708,13.55
20131025,17.3
