20090202,29.76
20090303,30.5
20090601,44.4
20090708,35.64
20090901,37.33
20091201,45.1
20100106,41.81
20100205,35.8
20100317,41.55
20100406,40.59
20100525,30.39
20100610,34.94
20100705,30.0
20100804,33.9
20100826,29.1
20100906,33.34
20101021,26.68
20110304,33.65
20110401,33.09
20110513,26.4
20110624,25.2
20110726,26.38
20110808,20.75
20111005,19.8
20120207,27.75
20120302,26.6
20120517,19.2
20120627,18.24
20120914,24.35
20121015,23.68
20121206,19.04
20121220,21.27
20130304,14.23
20130507,19.59
20130708,13.55
20131025,17.3
