20090202,29.76
20090216,34.25
20090303,30.5
20090323,38.97
20090331,35.38
20090601,44.4
20090708,35.64
20091201,45.1
20100205,35.8
20100317,41.55
20100525,30.39
20100610,34.94
20100705,30.0
20100804,33.9
20100826,29.1
20100906,33.34
20101021,26.68
20101108,30.29
20101126,27.23
20110304,33.65
20110808,20.75
20110815,23.3
20111005,19.8
20111206,25.39
20111219,22.7
20120207,27.75
20120517,19.2
20120521,21.22
20120627,18.24
20120914,24.35
20121206,19.04
20121220,21.27
20130304,14.23
20130315,17.8
20130417,15.45
20130507,19.59
20130708,13.55
20130823,17.5
20130903,15.9
20131025,17.3
