20090202,3.97
20090306,3.61
20090518,6.73
20090714,6.03
20090810,7.86
20090902,7.2
20091015,8.61
20091028,7.35
20091215,10.67
20100128,8.7
20100203,9.42
20100208,8.18
20100312,9.23
20100526,7.73
20100623,9.28
20100712,8.4
20100730,10.0
20100909,9.44
20101008,11.53
20101025,11.26
20101103,12.67
20101216,9.97
20110124,10.03
20110204,8.31
20110315,9.67
20110428,8.77
20110506,10.13
20110519,9.39
20110607,10.73
20110718,8.79
20110825,9.2
20110901,10.9
20110922,8.97
20111019,10.47
20111123,9.09
20111205,10.52
20111228,9.39
20120217,12.13
20120423,11.18
20120502,12.07
20120503,9.6
20120523,7.76
20120725,8.81
20120813,10.24
20120904,9.71
20121015,11.99
20121025,11.08
20121127,12.81
20130128,11.33
20130208,12.33
20130221,11.33
20130410,12.0
20130415,11.06
20130528,11.89
20130621,9.76
20130801,10.77
20130828,9.8
20130918,11.83
20130930,10.85
20131025,11.43
