20090202,14.85
20090317,11.2
20090428,14.76
20090513,16.86
20090605,22.4
20090714,18.5
20090729,21.06
20090804,22.69
20090814,23.01
20090902,21.25
20090922,24.7
20091001,23.11
20091015,29.87
20091210,30.05
20100106,30.3
20100208,24.3
20100408,31.7
20100423,30.46
20100520,22.74
20100805,26.94
20100913,24.9
20101021,20.5
20101130,19.5
20110112,24.73
20110218,24.03
20110303,22.75
20110411,20.09
20110520,16.35
20110531,17.31
20110627,15.41
20110704,17.12
20110808,10.98
20110819,12.57
20111005,12.73
20111028,15.7
20111129,12.95
20111219,13.4
20120118,16.9
20120209,18.35
20120302,18.36
20120316,19.17
20120517,15.5
20120601,15.73
20120626,16.24
20120725,16.7
20120816,20.4
20120914,20.71
20121016,19.3
20130103,19.3
20130128,17.1
20130213,17.63
20130220,15.7
20130226,16.8
20130305,15.2
20130321,14.79
20130415,13.95
20130515,13.42
20130611,12.15
20130624,11.87
20130822,17.71
20131015,17.86
20131025,16.65
