20090202,14.85
20090206,17.33
20090302,11.9
20090317,11.2
20090403,14.64
20090428,14.76
20090506,18.85
20090521,17.5
20090602,22.25
20090616,19.55
20090629,20.82
20090714,18.5
20090723,22.15
20090827,22.91
20090902,21.25
20090922,24.7
20091001,23.11
20091009,25.91
20091015,29.87
20091022,29.7
20091028,25.53
20091029,27.5
20091105,28.05
20091130,27.1
20091210,30.05
20091221,27.74
20100106,30.3
20100127,25.53
20100203,26.53
20100208,24.3
20100310,27.83
20100325,26.4
20100408,31.7
20100513,26.5
20100520,22.74
20100531,25.0
20100609,23.5
20100616,25.77
20100716,23.06
20100723,25.99
20100805,26.94
20100826,22.97
20100913,24.9
20101021,20.5
20101110,23.09
20101130,19.5
20101213,23.5
20101228,22.07
20110112,24.73
20110128,21.0
20110218,24.03
20110225,21.85
20110429,18.9
20110505,16.95
20110627,15.41
20110704,17.12
20110801,13.99
20110808,10.98
20110815,13.35
20110919,15.05
20111005,12.73
20111028,15.7
20111129,12.95
20111206,14.56
20111219,13.4
20120203,18.16
20120307,17.1
20120316,19.17
20120601,15.73
20120619,17.96
20120625,16.29
20120705,18.13
20120725,16.7
20120816,20.4
20120903,17.71
20120914,20.71
20121026,17.6
20130103,19.3
20130305,15.2
20130415,13.95
20130430,15.63
20130624,11.87
20130815,15.25
20130822,17.71
20131025,16.65
