20090629,12.13
20090702,13.04
20090708,12.3
20090716,13.65
20090727,12.3
20090805,13.31
20090817,12.01
20090825,12.58
20090915,11.47
20090921,13.42
20091001,12.3
20091019,13.19
20091027,11.43
20091104,12.41
20091117,12.17
20091119,11.21
20091201,12.17
20091209,9.77
20091211,10.84
20100107,11.59
20100120,10.6
20100203,11.29
20100208,10.13
20100315,10.27
20100322,12.28
20100412,11.32
20100422,12.41
20100506,11.88
20100517,13.02
20100518,11.21
20100520,10.79
20100615,12.23
20100625,11.86
20100705,10.44
20100713,11.94
20101022,10.23
20101203,11.13
20101220,9.58
20110127,9.33
20110209,7.99
20110218,9.58
20110301,9.14
20110314,10.45
20110316,9.58
20110404,10.45
20110425,9.84
20110428,10.63
20110429,10.53
20110502,8.97
20110504,8.73
20110506,9.98
20110520,9.05
20110628,9.15
20110803,10.56
20110824,9.39
20111116,11.78
20111122,10.99
20120106,11.5
20120213,13.26
20120216,14.44
20120222,13.99
20120305,15.43
20120323,14.23
20120405,15.7
20120419,14.69
20120420,14.38
20120423,12.44
20120424,12.41
20120502,14.08
20120508,13.62
20120511,14.55
20120524,12.31
20120606,13.71
20120615,13.21
20120720,15.34
20120821,14.0
20120920,14.7
20120928,12.2
20121017,12.54
20121023,10.81
20121106,12.96
20121129,13.82
20121205,13.02
20130107,14.22
20130116,13.14
20130201,13.9
20130213,13.14
20130301,14.42
20130325,13.68
20130410,15.22
20130429,14.89
20130514,16.32
20130517,15.25
20130604,16.18
20130611,15.13
20130625,14.97
20130701,16.39
20130924,16.55
20131007,18.46
20131025,19.27
