20090629,12.13
20090701,12.9
20090707,12.26
20090716,13.65
20090721,12.66
20091209,9.77
20091210,10.56
20100506,11.88
20100513,12.88
20100514,12.52
20100517,13.02
20100518,11.21
20100520,10.79
20100615,12.23
20100705,10.44
20100707,11.47
20101126,10.39
20101203,11.13
20110207,8.62
20110209,7.99
20110218,9.58
20110504,8.73
20110505,9.71
20110506,9.98
20110520,9.05
20110525,9.62
20110824,9.39
20110915,10.67
20120127,12.3
20120305,15.43
20120323,14.23
20120405,15.7
20120423,12.44
20120906,14.9
20120917,14.01
20120920,14.7
20121023,10.81
20121106,12.96
20130325,13.68
20130423,15.5
20130429,14.89
20130514,16.32
20130822,16.42
20130826,17.02
20130912,16.5
20130919,16.98
20130920,16.5
20130923,16.85
20130924,16.55
20131025,19.27
