20090629,12.13
20090716,13.65
20090921,13.42
20091019,13.19
20091104,12.41
20091209,9.77
20100217,10.05
20100315,10.27
20100422,12.41
20100517,13.02
20100615,12.23
20100705,10.44
20100713,11.94
20100803,11.59
20100914,11.2
20101022,10.23
20101203,11.13
20101227,9.5
20110209,7.99
20110428,10.63
20110504,8.73
20110520,9.05
20110627,9.15
20110818,9.36
20110915,10.67
20111004,9.97
20111116,11.78
20111122,10.99
20111214,11.24
20120106,11.5
20120305,15.43
20120405,15.7
20120524,12.31
20120720,15.34
20120808,15.0
20120906,14.9
20120920,14.7
20121002,12.06
20121023,10.81
20121205,13.02
20121217,13.11
20130116,13.14
20130213,13.14
20130301,14.42
20130325,13.68
20130429,14.89
20130514,16.32
20130620,14.9
20130701,16.39
20130716,16.49
20130826,17.02
20131025,19.27
