20090629,12.13
20090702,13.04
20090707,12.26
20090716,13.65
20090727,12.3
20090805,13.31
20090915,11.47
20090921,13.42
20091001,12.3
20091019,13.19
20091027,11.43
20091104,12.41
20091119,11.21
20091201,12.17
20091209,9.77
20100107,11.59
20100120,10.6
20100203,11.29
20100217,10.05
20100322,12.28
20100407,11.32
20100517,13.02
20100526,10.77
20100615,12.23
20100705,10.44
20100713,11.94
20101022,10.23
20101203,11.13
20110209,7.99
20110224,9.88
20110301,9.14
20110314,10.45
20110316,9.58
20110404,10.45
20110414,9.81
20110428,10.63
20110504,8.73
20110506,9.98
20110520,9.05
20110803,10.56
20110818,9.36
20110915,10.67
20111004,9.97
20111116,11.78
20111122,10.99
20120305,15.43
20120321,14.21
20120405,15.7
20120424,12.41
20120511,14.55
20120524,12.31
20120720,15.34
20120821,14.0
20120906,14.9
20121023,10.81
20130107,14.22
20130116,13.14
20130514,16.32
20130620,14.9
20131025,19.27
