20090629,12.13
20090716,13.65
20090921,13.42
20091019,13.19
20091104,12.41
20091119,11.21
20091209,9.77
20100217,10.05
20100225,10.12
20100315,10.27
20100322,12.28
20100422,12.41
20100517,13.02
20100615,12.23
20100705,10.44
20100713,11.94
20100803,11.59
20100810,11.5
20100816,11.43
20100820,11.21
20100914,11.2
20101019,10.42
20101022,10.23
20101203,11.13
20101210,10.14
20101220,9.58
20101227,9.5
20110111,9.38
20110113,9.24
20110121,9.01
20110203,8.22
20110209,7.99
20110428,10.63
20110504,8.73
20110520,9.05
20110627,9.15
20110818,9.36
20110824,9.39
20110915,10.67
20111004,9.97
20111010,10.73
20111013,10.63
20111019,10.87
20111020,10.86
20111026,11.14
20111031,10.97
20111104,11.38
20111108,11.39
20111116,11.78
20111122,10.99
20111214,11.24
20111221,11.42
20111223,11.45
20120106,11.5
20120112,11.71
20120120,12.46
20120126,12.3
20120203,13.26
20120207,13.56
20120216,14.44
20120305,15.43
20120405,15.7
20120412,15.67
20120524,12.31
20120720,15.34
20120725,15.1
20120808,15.0
20120906,14.9
20120920,14.7
20121002,12.06
20121018,11.88
20121023,10.81
20121031,12.12
20121205,13.02
20121217,13.11
20130116,13.14
20130213,13.14
20130301,14.42
20130325,13.68
20130402,14.25
20130410,15.22
20130422,15.54
20130429,14.89
20130509,15.95
20130514,16.32
20130620,14.9
20130701,16.39
20130716,16.49
20130826,17.02
20131007,18.46
20131017,19.22
20131025,19.27
