20091007,1244.1
20091202,1342.0
20100105,1318.9
20100205,1113.75
20100507,1035.1
20100607,1023.55
20100630,1019.15
20100730,1278.2
20100915,1182.5
20101013,1389.3
20101108,1427.25
20110105,1240.8
20110209,1007.05
20110218,1135.2
20110427,1034.0
20110519,950.95
20110610,932.25
20110630,1006.5
20110808,712.25
20110901,880.0
20111122,706.2
20111219,775.5
20120302,1069.75
20120504,848.65
20120510,916.3
20120716,769.45
20120917,938.85
20121029,760.65
20121116,756.25
20130110,878.9
20130221,771.1
20130308,873.4
20130527,845.9
20130710,709.5
20130927,852.5
20131025,826.1
