20091007,1244.1
20091019,1291.95
20091109,1157.75
20091126,1210.0
20091202,1342.0
20091217,1227.05
20100113,1314.5
20100122,1193.5
20100203,1233.65
20100205,1113.75
20100217,1226.5
20100325,1148.4
20100401,1224.3
20100428,1036.75
20100513,1126.95
20100607,1023.55
20100618,1143.45
20100630,1019.15
20100713,1200.65
20100716,1126.4
20100730,1278.2
20100923,1194.05
20101013,1389.3
20101101,1325.5
20101108,1427.25
20101130,1218.25
20110114,1237.5
20110204,1007.6
20110218,1135.2
20110503,965.8
20110704,1001.0
20110808,712.25
20110901,880.0
20111007,715.0
20111028,880.0
20111125,707.85
20111205,812.35
20120131,891.0
20120302,1069.75
20120409,860.75
20120613,903.65
20120706,854.7
20120710,771.65
20120821,914.65
20120904,828.85
20120917,938.85
20120928,815.1
20121029,760.65
20130110,878.9
20130221,771.1
20130308,873.4
20130408,773.85
20130529,844.25
20130710,709.5
20131025,826.1
