20091007,1244.1
20091019,1291.95
20091030,1155.0
20091109,1157.75
20091126,1210.0
20091202,1342.0
20091217,1227.05
20100113,1314.5
20100203,1233.65
20100205,1113.75
20100217,1226.5
20100401,1224.3
20100408,1210.0
20100428,1036.75
20100618,1143.45
20100630,1019.15
20100705,1045.0
20100713,1200.65
20100716,1126.4
20100730,1278.2
20100915,1182.5
20100929,1207.25
20101005,1329.35
20101013,1389.3
20101108,1427.25
20101109,1347.5
20101130,1218.25
20101221,1192.95
20110114,1237.5
20110120,1136.85
20110204,1007.6
20110218,1135.2
20110310,1041.15
20110323,1092.3
20110610,932.25
20110704,1001.0
20110718,838.75
20110804,764.5
20110805,776.6
20110808,712.25
20110901,880.0
20111007,715.0
20111028,880.0
20111114,808.5
20111122,706.2
20111125,707.85
20111205,812.35
20111219,775.5
20120127,925.1
20120131,891.0
20120222,1019.7
20120224,983.4
20120302,1069.75
20120316,1037.3
20120322,957.55
20120409,860.75
20120510,916.3
20120710,771.65
20120821,914.65
20120904,828.85
20120917,938.85
20120928,815.1
20121026,761.75
20130110,878.9
20130221,771.1
20130529,844.25
20130710,709.5
20130828,724.35
20131021,857.45
20131025,826.1
