20090202,21.5
20090210,22.05
20090225,21.16
20090227,22.3
20090303,21.1
20090310,22.11
20090316,21.25
20090409,26.87
20090415,25.9
20090423,27.2
20090427,25.88
20090508,28.04
20090521,26.39
20090529,28.23
20090603,26.95
20090612,30.03
20090617,27.1
20090622,28.55
20090708,26.7
20090803,29.34
20090818,27.67
20091019,33.4
20091103,30.6
20091124,34.85
20091126,33.59
20091211,39.0
20091229,36.71
20100112,39.62
20100121,37.2
20100201,38.75
20100205,37.24
20100211,39.75
20100224,36.55
20100317,38.53
20100412,35.6
20100414,36.83
20100420,34.85
20100510,36.55
20100526,33.0
20100706,38.14
20100720,36.65
20100819,40.5
20100908,37.31
20100915,39.6
20100924,37.05
20101013,41.3
20101022,39.35
20101203,44.6
20101227,40.33
20110118,45.2
20110215,39.7
20110311,44.0
20110317,42.5
20110405,46.5
20110427,42.3
20110512,44.2
20110608,39.68
20110628,42.4
20110812,35.28
20110818,36.5
20110830,33.7
20110921,36.25
20111007,32.35
20111013,33.5
20111017,31.93
20111027,34.7
20111118,33.49
20111227,40.09
20120118,37.3
20120302,45.52
20120312,43.1
20120326,44.75
20120329,41.6
20120430,48.29
20120515,44.41
20120516,46.05
20120530,39.92
20120705,44.28
20120725,39.93
20120809,44.32
20120912,32.31
20120925,33.38
20121004,31.3
20121016,32.8
20121112,26.4
20121113,27.8
20121121,26.51
20121221,32.35
20130108,28.98
20130124,33.22
20130130,31.84
20130201,33.19
20130228,29.0
20130307,30.92
20130325,27.97
20130423,36.37
20130426,34.85
20130523,37.01
20130531,32.85
20130603,34.78
20130612,32.19
20130613,34.03
20130621,26.21
20130710,29.8
20130717,28.18
20130723,29.2
20130805,27.93
20130813,31.4
20130827,28.45
20130910,31.3
20130920,29.53
20130927,31.5
20131009,29.93
20131025,30.63
