20090202,21.5
20090303,21.1
20090508,28.04
20090521,26.39
20090612,30.03
20090708,26.7
20090803,29.34
20090818,27.67
20091019,33.4
20091103,30.6
20091211,39.0
20091229,36.71
20100112,39.62
20100121,37.2
20100211,39.75
20100526,33.0
20100819,40.5
20100908,37.31
20100915,39.6
20100924,37.05
20101203,44.6
20101227,40.33
20110118,45.2
20110215,39.7
20110405,46.5
20110608,39.68
20110628,42.4
20110830,33.7
20110921,36.25
20111017,31.93
20111227,40.09
20120118,37.3
20120302,45.52
20120329,41.6
20120430,48.29
20120530,39.92
20120705,44.28
20120725,39.93
20120809,44.32
20121112,26.4
20121221,32.35
20130108,28.98
20130124,33.22
20130228,29.0
20130307,30.92
20130325,27.97
20130523,37.01
20130621,26.21
20130710,29.8
20130805,27.93
20130813,31.4
20130827,28.45
20131025,30.63
