20090202,3.68
20090727,11.29
20090729,10.47
20091202,14.03
20100319,13.22
20100322,13.59
20100428,11.3
20100503,12.29
20100507,10.63
20100512,12.01
20100519,10.2
20101008,16.7
20101014,18.3
20101019,17.03
20110210,12.84
20110503,13.64
20110505,12.62
20110609,15.21
20110808,9.86
20110908,13.86
20111003,9.1
20111028,12.88
20120413,12.59
20120417,13.65
20120430,11.09
20120508,12.49
20120605,7.89
20120730,11.54
20120802,10.1
20120806,11.04
20120817,12.02
20130226,11.9
20130228,12.7
20130712,6.09
20131025,9.8
