20090202,3.68
20090312,3.02
20090504,8.1
20090615,7.7
20090727,11.29
20090923,10.53
20091015,12.99
20091028,10.3
20091202,14.03
20100128,11.99
20100322,13.59
20100519,10.2
20100802,16.28
20100830,14.22
20101014,18.3
20101110,15.45
20101201,17.55
20101216,14.19
20110118,16.23
20110210,12.84
20110505,12.62
20110513,15.08
20110519,13.4
20110609,15.21
20110808,9.86
20110901,14.19
20111003,9.1
20111028,12.88
20111122,10.06
20111206,12.85
20111229,10.7
20120216,15.32
20120417,13.65
20120430,11.09
20120508,12.49
20120515,9.43
20120605,7.89
20120925,12.57
20121116,9.81
20121207,12.14
20130228,12.7
20130322,8.7
20130410,9.78
20130607,6.12
20131025,9.8
