20090202,3.68
20090312,3.02
20090504,8.1
20090715,9.93
20090717,9.33
20090727,11.29
20090729,10.47
20091015,12.99
20091028,10.3
20091130,12.68
20091202,14.03
20091217,12.47
20100319,13.22
20100322,13.59
20100428,11.3
20100503,12.29
20100507,10.63
20100512,12.01
20100519,10.2
20100521,11.53
20100802,16.28
20101008,16.7
20101014,18.3
20101019,17.03
20101216,14.19
20110118,16.23
20110131,14.1
20110201,15.04
20110210,12.84
20110503,13.64
20110505,12.62
20110609,15.21
20110808,9.86
20110908,13.86
20111003,9.1
20111028,12.88
20111103,11.42
20111229,10.7
20120206,14.49
20120210,13.52
20120216,15.32
20120413,12.59
20120417,13.65
20120430,11.09
20120508,12.49
20120605,7.89
20120730,11.54
20120802,10.1
20120806,11.04
20120817,12.02
20120821,11.43
20121113,10.89
20121116,9.81
20121119,10.44
20121207,12.14
20130226,11.9
20130228,12.7
20130322,8.7
20130410,9.78
20130415,8.78
20130710,6.1
20130711,6.45
20130712,6.09
20130909,10.0
20131025,9.8
