20090202,3.68
20090213,3.92
20090311,3.02
20090408,6.12
20090415,5.63
20090504,8.1
20090513,7.16
20090528,9.3
20090603,7.42
20090827,12.1
20090902,10.13
20090908,11.46
20090923,10.53
20091014,13.0
20091028,10.3
20091202,14.03
20091217,12.47
20091230,14.1
20100205,11.97
20100311,13.69
20100428,11.3
20100430,12.3
20100507,10.63
20100512,12.01
20100519,10.2
20100802,16.28
20100812,14.1
20100922,17.42
20100929,16.01
20101014,18.3
20101110,15.45
20101201,17.55
20101216,14.19
20110106,16.55
20110210,12.84
20110225,13.95
20110309,12.86
20110322,14.2
20110329,12.79
20110426,14.1
20110505,12.62
20110513,15.08
20110519,13.4
20110609,15.21
20110714,11.11
20110722,12.31
20110808,9.86
20110901,14.19
20110905,12.8
20110908,13.86
20111003,9.1
20111028,12.88
20111122,10.06
20111206,12.85
20111229,10.7
20120216,15.32
20120227,13.61
20120307,14.82
20120402,12.4
20120405,13.67
20120413,12.59
20120417,13.65
20120430,11.09
20120508,12.49
20120515,9.43
20120521,10.28
20120605,7.89
20120622,9.35
20120627,8.61
20120719,11.02
20120723,9.9
20120730,11.54
20120802,10.1
20120817,12.02
20120905,11.09
20121017,12.6
20121116,9.81
20121210,12.17
20130128,10.87
20130228,12.7
20130328,8.39
20130410,9.78
20130517,6.95
20130524,7.82
20130607,6.12
20130613,7.08
20130712,6.09
20130722,7.29
20130731,6.49
20130823,8.55
20130827,7.85
20130909,10.0
20130920,8.75
20131016,10.5
20131025,9.8
