20090202,24.69
20090303,24.8
20090422,28.61
20090601,35.24
20090708,29.11
20090831,31.38
20091019,37.36
20091201,39.79
20100205,31.52
20100316,37.21
20100525,26.55
20100610,29.9
20100701,26.45
20100805,29.43
20100830,25.45
20100906,29.09
20101021,24.16
20110304,29.08
20110401,28.74
20110513,23.52
20110624,22.87
20110704,23.8
20110726,23.66
20110808,18.65
20111005,18.21
20120207,25.6
20120302,25.3
20120627,17.64
20120914,23.3
20121015,22.8
20121127,18.51
20121220,21.05
20130304,16.5
20130507,20.62
20130708,14.98
20131025,18.49
