20090202,24.69
20090601,35.24
20090603,33.15
20090604,34.09
20090708,29.11
20091201,39.79
20100205,31.52
20100310,37.0
20100525,26.55
20100531,29.6
20100601,28.65
20100610,29.9
20100701,26.45
20100805,29.43
20100811,27.5
20100830,25.45
20100903,28.8
20100915,26.45
20110304,29.08
20110808,18.65
20110815,20.99
20110819,19.7
20120206,24.86
20120207,25.6
20120210,23.5
20120213,24.36
20120214,23.21
20120302,25.3
20120306,23.75
20120515,18.49
20120521,20.4
20120524,18.7
20120914,23.3
20121121,18.62
20130408,17.41
20130410,18.42
20130417,17.17
20130603,20.29
20130708,14.98
20131025,18.49
