20090202,19.8
20090227,21.7
20090309,19.85
20090312,21.37
20090316,20.4
20090511,27.75
20090513,26.7
20090518,28.86
20090623,24.75
20090717,28.2
20090728,26.2
20091015,34.02
20091028,31.29
20091109,33.3
20091112,31.85
20091216,38.05
20091221,36.31
20100104,37.9
20100126,33.4
20100203,35.25
20100212,33.0
20100222,34.75
20100226,33.3
20100407,36.78
20100419,35.08
20100423,37.13
20100427,35.35
20100517,39.23
20100604,36.16
20100622,41.03
20100712,39.05
20100714,42.1
20100721,39.99
20100730,45.7
20100813,41.69
20100819,44.21
20100826,42.05
20101021,49.1
20101027,46.76
20101104,49.2
20101116,44.95
20101206,48.79
20101215,45.0
20101221,47.6
20101227,45.63
20110104,49.9
20110204,40.6
20110216,43.9
20110302,41.94
20110324,46.18
20110328,44.35
20110404,47.4
20110418,44.3
20110425,46.5
20110617,38.4
20110704,41.1
20110727,34.2
20110801,36.0
20110808,32.16
20110816,37.0
20110822,34.55
20110826,38.76
20110829,37.26
20110901,38.9
20110922,31.51
20110927,33.16
20111003,30.91
20111024,35.15
20111027,33.2
20111111,37.01
20111117,34.8
20111205,36.9
20111221,34.91
20120120,39.4
20120131,37.42
20120222,41.53
20120228,39.47
20120313,42.09
20120320,39.45
20120327,41.8
20120330,39.7
20120425,45.25
20120517,40.3
20120628,47.8
20120713,45.35
20120731,53.76
20120821,50.23
20120829,53.5
20120904,49.37
20120912,54.9
20120914,52.6
20121008,56.65
20121030,53.94
20130104,59.8
20130109,55.0
20130110,57.15
20130318,48.21
20130320,50.2
20130325,47.3
20130328,49.38
20130415,47.18
20130419,49.88
20130425,47.5
20130522,54.0
20130624,46.23
20130625,48.19
20130719,43.97
20130726,46.2
20130806,41.54
20130816,45.5
20130820,42.19
20130909,49.65
20130911,47.23
20130920,50.65
20131025,45.14
