20090202,19.8
20090309,19.85
20090406,22.0
20090518,28.86
20090623,24.75
20090703,25.4
20090728,26.2
20090817,29.75
20090831,30.49
20090910,31.37
20091015,34.02
20091028,31.29
20091112,31.85
20091216,38.05
20100212,33.0
20100226,33.3
20100309,34.0
20100419,35.08
20100427,35.35
20100517,39.23
20100604,36.16
20100622,41.03
20100712,39.05
20100714,42.1
20100721,39.99
20100730,45.7
20100813,41.69
20100920,46.55
20101011,48.68
20101021,49.1
20101104,49.2
20110104,49.9
20110204,40.6
20110404,47.4
20110425,46.5
20110524,43.5
20110617,38.4
20110704,41.1
20110808,32.16
20110901,38.9
20110922,31.51
20111003,30.91
20111027,33.2
20111117,34.8
20111124,34.8
20111221,34.91
20120120,39.4
20120131,37.42
20120222,41.53
20120301,41.75
20120313,42.09
20120320,39.45
20120330,39.7
20120409,40.0
20120417,44.2
20120425,45.25
20120517,40.3
20120612,45.45
20120628,47.8
20120713,45.35
20120731,53.76
20120904,49.37
20120912,54.9
20120926,55.61
20121002,56.6
20121008,56.65
20121211,58.25
20130104,59.8
20130121,56.5
20130325,47.3
20130415,47.18
20130522,54.0
20130624,46.23
20130719,43.97
20130806,41.54
20131025,45.14
