20090202,19.8
20090414,22.49
20090518,28.86
20090623,24.75
20091015,34.02
20091113,31.89
20091216,38.05
20100212,33.0
20100427,35.35
20100517,39.23
20100604,36.16
20100622,41.03
20100722,40.2
20100730,45.7
20100813,41.69
20100819,44.21
20100909,42.52
20100920,46.55
20101021,49.1
20101027,46.76
20101109,48.6
20101116,44.95
20101206,48.79
20101215,45.0
20101221,47.6
20101227,45.63
20110104,49.9
20110204,40.6
20110216,43.9
20110302,41.94
20110314,45.92
20110328,44.35
20110404,47.4
20110418,44.3
20110425,46.5
20110428,43.25
20110524,43.5
20110617,38.4
20110704,41.1
20110707,37.1
20110801,36.0
20110808,32.16
20110816,37.0
20110822,34.55
20110901,38.9
20111003,30.91
20111018,34.77
20111109,34.19
20111111,37.01
20111221,34.91
20120120,39.4
20120131,37.42
20120213,41.44
20120409,40.0
20120412,43.55
20120425,45.25
20120524,40.7
20120628,47.8
20120713,45.35
20120731,53.76
20120821,50.23
20120829,53.5
20120904,49.37
20120912,54.9
20120914,52.6
20121002,56.6
20121030,53.94
20121211,58.25
20121221,56.24
20130104,59.8
20130108,55.2
20130110,57.15
20130121,56.5
20130128,52.7
20130312,51.74
20130325,47.3
20130328,49.38
20130415,47.18
20130419,49.88
20130425,47.5
20130430,50.67
20130514,50.05
20130522,54.0
20130624,46.23
20130731,45.95
20130806,41.54
20130816,45.5
20130820,42.19
20130828,43.34
20130909,49.65
20130912,47.33
20130920,50.65
20131004,47.51
20131021,48.9
20131025,45.14
