20090202,14.06
20090206,16.0
20090309,11.64
20090813,25.05
20091006,23.4
20091019,27.1
20100224,23.65
20100405,31.53
20100520,21.58
20100521,22.7
20100708,26.46
20100716,23.64
20100723,26.62
20100730,24.74
20100804,25.92
20100826,21.96
20100827,22.52
20100830,22.0
20100901,22.68
20110215,18.8
20110218,21.03
20110301,18.3
20110314,21.52
20110804,10.11
20110812,13.45
20110818,12.2
20110823,13.5
20110905,11.23
20110908,11.95
20111003,10.26
20120309,12.01
20120319,13.72
20120724,5.62
20130103,13.23
20130108,11.91
20130114,12.45
20130128,10.35
20130401,11.39
20130712,6.55
20131025,11.25
