20090202,14.06
20090309,11.64
20090317,11.65
20090414,15.4
20090428,15.68
20090515,15.98
20090522,17.32
20090714,17.68
20090723,21.5
20090803,22.78
20090813,25.05
20090902,21.5
20091019,27.1
20091028,22.85
20100212,23.08
20100310,28.5
20100405,31.53
20100413,30.92
20100520,21.58
20100607,20.96
20100727,26.9
20100804,25.92
20100817,24.14
20100928,23.1
20101013,20.93
20101021,19.99
20101108,22.94
20101118,21.62
20101130,18.7
20101228,18.31
20110301,18.3
20110314,21.52
20110318,21.08
20110405,19.9
20110418,17.15
20110425,17.45
20110504,15.0
20110506,15.4
20110525,14.45
20110602,15.29
20110624,12.93
20110704,14.22
20110808,10.05
20110823,13.5
20110919,12.53
20111219,9.81
20120319,13.72
20120402,12.34
20120606,7.51
20120628,6.05
20120724,5.62
20120815,7.84
20120829,7.86
20120913,12.2
20121203,13.05
20130102,13.25
20130117,12.46
20130222,9.24
20130401,11.39
20130410,11.2
20130515,8.15
20130612,7.77
20130712,6.55
20130819,10.96
20131015,12.13
20131025,11.25
