20090202,14.06
20090206,16.0
20090302,12.25
20090317,11.65
20090326,14.86
20090414,15.4
20090417,17.36
20090428,15.68
20090511,17.95
20090515,15.98
20090602,20.59
20090612,20.85
20090622,18.68
20090701,21.35
20090714,17.68
20090723,21.5
20090729,21.2
20090813,25.05
20090818,23.05
20090821,24.15
20090902,21.5
20090916,23.5
20091006,23.4
20091019,27.1
20091026,25.55
20091028,22.85
20091207,25.98
20091221,23.35
20100107,25.79
20100119,25.3
20100121,23.15
20100202,25.3
20100212,23.08
20100219,24.75
20100224,23.65
20100310,28.5
20100326,28.4
20100405,31.53
20100407,29.98
20100413,30.92
20100427,28.1
20100429,29.02
20100507,25.16
20100512,26.51
20100520,21.58
20100602,22.88
20100607,20.96
20100628,25.78
20100630,24.06
20100708,26.46
20100716,23.64
20100727,26.9
20100730,24.74
20100804,25.92
20100826,21.96
20100928,23.1
20101027,20.05
20101108,22.94
20101130,18.7
20101213,19.91
20101228,18.31
20110112,20.9
20110215,18.8
20110218,21.03
20110301,18.3
20110314,21.52
20110328,19.08
20110408,19.72
20110503,15.03
20110602,15.29
20110624,12.93
20110704,14.22
20110808,10.05
20110812,13.45
20110905,11.23
20110919,12.53
20111003,10.26
20111027,12.5
20111219,9.81
20120307,11.88
20120319,13.72
20120625,6.21
20120724,5.62
20120806,8.52
20120904,8.07
20120913,12.2
20121010,9.51
20130103,13.23
20130222,9.24
20130410,11.2
20130515,8.15
20130528,9.55
20130712,6.55
20130819,10.96
20131025,11.25
