20090202,4.77
20090309,4.1
20090521,5.95
20090602,7.88
20090714,6.45
20090811,7.21
20091016,10.19
20091104,10.8
20100114,10.6
20100308,9.67
20100326,7.5
20100520,6.4
20100802,8.8
20100923,7.78
20101025,6.32
20101116,6.03
20101223,7.57
20110210,5.8
20110315,6.4
20110328,5.78
20110504,5.02
20110517,5.77
20110523,4.97
20110531,5.66
20110808,4.01
20111004,3.53
20111101,4.73
20111206,6.25
20111227,6.95
20120113,5.42
20120215,7.48
20120316,8.35
20120419,7.91
20120531,5.45
20120725,4.96
20121018,6.92
20121205,5.26
20130129,7.73
20130621,5.8
20130820,7.75
20130911,8.0
20131025,8.1
