20090202,4.77
20090206,4.95
20090309,4.1
20090424,6.95
20090521,5.95
20090602,7.88
20090624,6.66
20090626,7.4
20090714,6.45
20091016,10.19
20091028,9.11
20091104,10.8
20091113,9.15
20091209,10.5
20091221,9.1
20100114,10.6
20100326,7.5
20100420,8.66
20100520,6.4
20100802,8.8
20101116,6.03
20101223,7.57
20110504,5.02
20110517,5.77
20110523,4.97
20110531,5.66
20110616,4.99
20110704,5.57
20111004,3.53
20111028,5.49
20111101,4.73
20111206,6.25
20111212,5.5
20111227,6.95
20120113,5.42
20120316,8.35
20120413,7.04
20120419,7.91
20120531,5.45
20120619,6.37
20120626,5.65
20120704,6.3
20120725,4.96
20120828,6.28
20120910,5.6
20121018,6.92
20121205,5.26
20130129,7.73
20130417,5.93
20130606,7.2
20130621,5.8
20131025,8.1
