20090202,4.77
20090309,4.1
20090420,5.95
20090424,6.95
20090427,6.1
20090528,6.1
20090602,7.88
20090714,6.45
20090805,7.72
20090911,7.8
20091016,10.19
20091026,10.09
20091028,9.11
20091104,10.8
20091111,10.27
20091113,9.15
20091209,10.5
20091221,9.1
20100112,9.55
20100114,10.6
20100121,9.38
20100203,9.6
20100208,8.8
20100308,9.67
20100319,7.8
20100420,8.66
20100507,7.18
20100513,7.57
20100520,6.4
20100617,8.3
20100630,7.64
20100802,8.8
20100826,7.06
20100923,7.78
20101116,6.03
20101223,7.57
20110210,5.8
20110315,6.4
20110504,5.02
20110517,5.77
20110523,4.97
20110715,5.54
20110808,4.01
20111004,3.53
20111028,5.49
20111101,4.73
20111201,6.24
20111215,5.54
20111227,6.95
20120102,5.62
20120116,5.44
20120213,7.43
20120228,7.09
20120301,8.04
20120316,8.35
20120411,7.07
20120419,7.91
20120423,7.18
20120511,7.26
20120517,5.7
20120704,6.3
20120725,4.96
20121018,6.92
20121205,5.26
20130115,6.25
20130129,7.73
20130417,5.93
20130606,7.2
20130621,5.8
20130701,6.76
20130731,6.37
20130820,7.75
20130827,7.0
20130911,8.0
20131025,8.1
