20090202,0.1
20090203,0.11
20090204,0.1
20090213,0.11
20090220,0.09
20090318,0.12
20090330,0.1
20090518,0.17
20090525,0.15
20090605,0.17
20090622,0.15
20090804,0.22
20090813,0.2
20091006,0.25
20091028,0.21
20091203,0.29
20100121,0.26
20100302,0.31
20100427,0.28
20100503,0.32
20100506,0.29
20100617,0.36
20100618,0.3
20100628,0.37
20100705,0.3
20100730,0.43
20100806,0.38
20101008,0.5
20110128,0.34
20110202,0.4
20110204,0.34
20110603,0.45
20110624,0.4
20110704,0.45
20110808,0.33
20110901,0.46
20110922,0.35
20110928,0.4
20111003,0.36
20111027,0.42
20111123,0.35
20111205,0.4
20111228,0.35
20120308,0.49
20120417,0.4
20120503,0.47
20120628,0.39
20130117,0.6
20130307,0.5
20130308,0.55
20130313,0.5
20130522,0.59
20130820,0.41
20130918,0.51
20130930,0.46
20131025,0.5
