20090202,0.1
20090220,0.09
20090330,0.1
20090511,0.15
20090525,0.15
20090603,0.15
20090622,0.15
20090723,0.19
20090728,0.2
20090803,0.21
20090804,0.22
20090813,0.2
20090901,0.21
20090915,0.23
20091006,0.25
20091028,0.21
20091111,0.24
20091116,0.27
20091124,0.28
20091203,0.29
20100121,0.26
20100212,0.26
20100302,0.31
20100427,0.28
20100503,0.32
20100506,0.29
20100520,0.29
20100525,0.3
20100611,0.33
20100617,0.36
20100618,0.3
20100628,0.37
20100705,0.3
20100712,0.34
20100716,0.4
20100730,0.43
20100806,0.38
20101005,0.45
20101008,0.5
20101029,0.49
20101119,0.47
20101124,0.45
20101130,0.44
20101202,0.43
20110128,0.34
20110204,0.34
20110209,0.35
20110420,0.43
20110531,0.44
20110603,0.45
20110808,0.33
20110901,0.46
20110922,0.35
20111123,0.35
20111228,0.35
20120113,0.39
20120216,0.47
20120229,0.48
20120308,0.49
20120628,0.39
20120711,0.39
20120724,0.39
20120802,0.43
20120816,0.49
20120824,0.47
20120904,0.48
20120906,0.51
20120914,0.53
20120926,0.49
20121008,0.54
20121011,0.56
20121129,0.58
20130103,0.59
20130117,0.6
20130130,0.59
20130307,0.5
20130522,0.59
20130614,0.49
20130619,0.48
20130702,0.44
20130820,0.41
20131025,0.5
