20090202,15.2
20090305,13.08
20090330,14.3
20090423,15.08
20090618,18.28
20090716,21.7
20090921,24.38
20091014,24.22
20091209,19.9
20100408,24.13
20100506,21.26
20100628,25.81
20100826,22.35
20101005,26.65
20101022,23.9
20101123,23.9
20110118,29.17
20110221,29.7
20110401,31.19
20110509,31.85
20110613,24.09
20110708,25.17
20110808,26.4
20110919,32.95
20110922,30.06
20111005,31.01
20111031,35.75
20111207,37.85
20120208,32.9
20120315,38.25
20120601,30.25
20120725,27.74
20120914,36.1
20120928,35.01
20121025,38.02
20121112,36.4
20121126,39.9
20130123,45.98
20130215,41.1
20130319,43.0
20130514,49.9
20130531,49.92
20130619,45.5
20130819,56.7
20130911,58.96
20131025,55.1
