20090202,15.2
20090205,15.68
20090305,13.08
20090317,16.35
20090330,14.3
20090409,16.4
20090423,15.08
20090506,17.22
20090511,16.0
20090514,18.18
20090519,17.0
20090608,19.99
20090618,18.28
20090716,21.7
20090722,20.0
20090921,24.38
20091002,22.8
20091014,24.22
20091030,21.35
20091110,23.4
20091209,19.9
20100120,24.1
20100205,22.0
20100218,23.34
20100315,21.84
20100408,24.13
20100506,21.26
20100628,25.81
20100705,22.85
20100720,25.0
20100826,22.35
20101005,26.65
20101022,23.9
20101110,25.7
20101123,23.9
20110118,29.17
20110210,26.57
20110509,31.85
20110613,24.09
20110728,29.75
20110808,26.4
20110919,32.95
20110922,30.06
20111031,35.75
20111117,33.49
20111207,37.85
20120208,32.9
20120315,38.25
20120601,30.25
20120614,33.5
20120716,27.94
20120719,29.65
20120725,27.74
20130123,45.98
20130215,41.1
20130531,49.92
20130619,45.5
20130819,56.7
20130827,52.97
20130911,58.96
20131025,55.1
