20090202,15.2
20090305,13.08
20090317,16.35
20090330,14.3
20090521,19.55
20090828,21.38
20090902,20.6
20090916,23.32
20090917,22.75
20090921,24.38
20091119,20.2
20100120,24.1
20100503,22.65
20100506,21.26
20100628,25.81
20100830,22.51
20101005,26.65
20101022,23.9
20101110,25.7
20101123,23.9
20101124,25.11
20101202,26.79
20101208,25.65
20101217,27.52
20110210,26.57
20110429,31.53
20110505,30.2
20110509,31.85
20110607,27.9
20110613,24.09
20110714,29.7
20110808,26.4
20110811,28.95
20111031,35.75
20111129,34.4
20111207,37.85
20120214,33.3
20120301,35.81
20120306,34.6
20120319,38.18
20120323,35.9
20120326,37.09
20120620,33.2
20120716,27.94
20120719,29.65
20120725,27.74
20120730,29.5
20120802,28.32
20120823,33.39
20121126,39.9
20121210,38.6
20130108,43.84
20130109,45.25
20130208,41.15
20130430,49.5
20130731,48.6
20130802,50.2
20130807,48.48
20130911,58.96
20131025,55.1
