20090202,15.2
20090305,13.08
20090330,14.3
20090407,15.04
20090423,15.08
20090511,16.0
20090519,17.0
20090618,18.28
20090629,18.58
20090708,19.4
20090716,21.7
20090915,23.4
20090921,24.38
20091014,24.22
20091209,19.9
20100408,24.13
20100506,21.26
20100520,22.11
20100615,25.2
20100623,25.65
20100628,25.81
20100826,22.35
20100906,23.09
20101005,26.65
20101022,23.9
20101123,23.9
20101202,26.79
20101208,25.65
20101215,25.7
20101217,27.52
20101223,27.6
20110111,28.82
20110118,29.17
20110221,29.7
20110325,30.45
20110401,31.19
20110426,31.75
20110509,31.85
20110613,24.09
20110708,25.17
20110808,26.4
20110819,28.9
20110826,29.72
20110919,32.95
20110922,30.06
20111005,31.01
20111019,34.7
20111031,35.75
20111207,37.85
20120208,32.9
20120315,38.25
20120329,37.2
20120601,30.25
20120716,27.94
20120725,27.74
20120802,28.32
20120813,29.01
20120830,32.4
20120906,32.81
20120914,36.1
20120928,35.01
20121016,37.25
20121025,38.02
20121112,36.4
20121126,39.9
20121129,38.6
20121210,38.6
20121226,42.79
20130104,44.1
20130109,45.25
20130117,45.73
20130123,45.98
20130215,41.1
20130221,41.5
20130319,43.0
20130405,44.51
20130411,46.89
20130423,48.81
20130430,49.5
20130514,49.9
20130531,49.92
20130619,45.5
20130802,50.2
20130819,56.7
20130911,58.96
20131025,55.1
