20090202,15.2
20090309,13.18
20090317,16.35
20090330,14.3
20090511,16.0
20090521,19.55
20090902,20.6
20090921,24.38
20091030,21.35
20091110,23.4
20091119,20.2
20091209,19.9
20100120,24.1
20100315,21.84
20100419,23.87
20100506,21.26
20100628,25.81
20100705,22.85
20100802,24.9
20100826,22.35
20101005,26.65
20101019,24.02
20101110,25.7
20101123,23.9
20101202,26.79
20101215,25.7
20110111,28.82
20110210,26.57
20110218,29.65
20110316,28.21
20110426,31.75
20110601,29.1
20110613,24.09
20110629,26.65
20110708,25.17
20110714,29.7
20110728,29.75
20110808,26.4
20110816,29.9
20110901,31.65
20110919,32.95
20110922,30.06
20111031,35.75
20111117,33.49
20111207,37.85
20111216,35.7
20120106,36.59
20120111,34.28
20120201,35.36
20120208,32.9
20120217,35.96
20120306,34.6
20120319,38.18
20120413,33.85
20120427,35.84
20120601,30.25
20120619,33.36
20120711,28.1
20120719,29.65
20120725,27.74
20120813,29.01
20120823,33.39
20120911,33.0
20120914,36.1
20120928,35.01
20121025,38.02
20121112,36.4
20121126,39.9
20121210,38.6
20130109,45.25
20130123,45.98
20130215,41.1
20130222,43.61
20130325,43.29
20130401,45.89
20130405,44.51
20130419,48.4
20130514,49.9
20130531,49.92
20130619,45.5
20130628,48.45
20130703,46.71
20130802,50.2
20130807,48.48
20130819,56.7
20130827,52.97
20130911,58.96
20131003,53.5
20131011,55.85
20131025,55.1
