20090202,3.19
20090203,3.35
20090220,3.68
20090403,2.64
20090429,3.8
20090507,3.43
20090512,3.72
20090513,3.58
20090702,3.36
20090804,4.33
20090902,3.95
20091021,4.9
20091028,4.32
20091029,4.61
20091103,4.08
20091104,4.24
20100106,5.37
20100107,5.15
20100205,4.71
20100311,5.39
20100428,4.27
20100513,4.93
20100520,4.52
20100527,4.95
20100528,4.81
20100531,4.93
20100601,4.84
20100729,4.87
20100802,5.21
20100803,5.03
20100805,5.5
20100826,4.74
20100901,5.12
20101022,5.23
20101110,5.9
20101229,5.63
20101230,5.51
20110121,6.1
20110124,6.35
20110225,6.13
20110303,6.5
20110310,6.28
20110311,6.44
20110317,6.16
20110325,7.06
20110329,6.86
20110525,7.56
20110526,7.81
20110530,7.48
20110726,7.56
20110727,7.45
20110802,7.82
20110803,9.0
20110808,7.6
20110829,9.8
20110905,8.9
20110908,9.38
20110913,8.91
20110916,9.3
20110927,8.35
20111124,8.21
20120110,9.9
20120207,9.64
20120209,9.33
20120302,10.5
20120306,9.97
20120403,11.95
20120524,9.58
20120704,11.3
20120723,8.32
20120727,9.3
20120731,8.54
20120802,9.0
20120827,7.7
20120924,8.36
20121026,6.89
20121106,7.87
20121211,7.09
20121228,8.2
20130109,7.81
20130110,8.11
20130201,8.84
20130220,7.94
20130226,8.69
20130328,8.92
20130515,8.17
20130527,8.47
20130531,8.15
20130604,8.3
20130607,7.96
20130610,8.11
20130611,7.91
20130618,8.31
20130624,7.75
20130701,8.3
20130823,9.3
20130828,8.78
20130905,10.01
20131024,11.61
20131025,11.26
