20090202,3.19
20090403,2.64
20090702,3.36
20090804,4.33
20090902,3.95
20091019,4.99
20091103,4.08
20091214,5.2
20100106,5.37
20100310,5.39
20100428,4.27
20100712,4.68
20100805,5.5
20100826,4.74
20100923,5.57
20101022,5.23
20101110,5.9
20101123,5.44
20110124,6.35
20110209,5.89
20110406,7.23
20110526,7.81
20110617,7.38
20110718,7.39
20110803,9.0
20110829,9.8
20111011,8.2
20111124,8.21
20120110,9.9
20120209,9.33
20120403,11.95
20120704,11.3
20120723,8.32
20120830,7.68
20121026,6.89
20121211,7.09
20130201,8.84
20130306,8.85
20130328,8.92
20130624,7.75
20130814,9.31
20131025,11.26
