20090202,3.19
20090203,3.35
20090403,2.64
20090429,3.8
20090507,3.43
20090512,3.72
20090513,3.58
20091028,4.32
20091029,4.61
20091103,4.08
20100106,5.37
20100107,5.15
20100428,4.27
20100729,4.87
20100802,5.21
20100803,5.03
20100805,5.5
20100826,4.74
20100901,5.12
20110124,6.35
20110225,6.13
20110303,6.5
20110310,6.28
20110311,6.44
20110317,6.16
20110525,7.56
20110526,7.81
20110726,7.56
20110727,7.45
20110802,7.82
20110803,9.0
20110808,7.6
20110829,9.8
20111124,8.21
20120207,9.64
20120209,9.33
20120302,10.5
20120306,9.97
20120403,11.95
20120704,11.3
20121026,6.89
20121106,7.87
20121211,7.09
20121228,8.2
20130618,8.31
20130624,7.75
20130823,9.3
20130828,8.78
20131024,11.61
20131025,11.26
