20090202,3.19
20090220,3.68
20090403,2.64
20090429,3.8
20090507,3.43
20090608,3.97
20090702,3.36
20090804,4.33
20090902,3.95
20091019,4.99
20091028,4.32
20091029,4.61
20091103,4.08
20091117,4.64
20091123,4.35
20091214,5.2
20091218,4.84
20100106,5.37
20100205,4.71
20100212,5.24
20100223,4.87
20100310,5.39
20100428,4.27
20100503,4.58
20100507,4.32
20100513,4.93
20100521,4.5
20100624,5.09
20100712,4.68
20100805,5.5
20100826,4.74
20101011,5.58
20101022,5.23
20101110,5.9
20101123,5.44
20101203,5.79
20101220,5.45
20110124,6.35
20110209,5.89
20110803,9.0
20110808,7.6
20110829,9.8
20110927,8.35
20111003,9.0
20111011,8.2
20111103,9.1
20111124,8.21
20120110,9.9
20120209,9.33
20120403,11.95
20120524,9.58
20120619,10.84
20120625,10.22
20120704,11.3
20120723,8.32
20120727,9.3
20120830,7.68
20120913,8.39
20121026,6.89
20121114,8.02
20121211,7.09
20130201,8.84
20130221,7.92
20130306,8.85
20130315,8.25
20130328,8.92
20130624,7.75
20130814,9.31
20130828,8.78
20130910,10.35
20130912,9.71
20130924,11.08
20130926,10.25
20131025,11.26
