20090202,3.19
20090403,2.64
20090702,3.36
20090804,4.33
20090902,3.95
20090917,4.59
20091008,4.96
20091019,4.99
20091103,4.08
20091214,5.2
20100106,5.37
20100310,5.39
20100428,4.27
20100507,4.32
20100521,4.5
20100712,4.68
20100716,4.69
20100723,4.71
20100805,5.5
20100826,4.74
20100923,5.57
20101011,5.58
20101022,5.23
20101110,5.9
20101123,5.44
20101220,5.45
20101230,5.51
20110117,5.88
20110124,6.35
20110209,5.89
20110303,6.5
20110317,6.16
20110328,7.12
20110406,7.23
20110412,6.88
20110426,7.31
20110505,6.94
20110506,7.48
20110513,7.21
20110519,7.68
20110526,7.81
20110617,7.38
20110718,7.39
20110727,7.45
20110803,9.0
20110808,7.6
20110829,9.8
20111011,8.2
20111124,8.21
20111219,9.0
20111229,9.24
20120110,9.9
20120209,9.33
20120224,10.44
20120327,11.66
20120403,11.95
20120412,11.7
20120430,11.34
20120704,11.3
20120723,8.32
20120727,9.3
20120806,9.03
20120830,7.68
20121009,7.2
20121026,6.89
20121211,7.09
20130109,7.81
20130201,8.84
20130306,8.85
20130328,8.92
20130624,7.75
20130814,9.31
20130910,10.35
20130924,11.08
20131014,11.92
20131025,11.26
