20090202,12.2
20090309,9.31
20090506,15.85
20090713,14.3
20090820,18.8
20091019,18.6
20091103,14.9
20091222,21.9
20100119,22.1
20100205,19.05
20100219,20.83
20100226,18.6
20100318,24.0
20100412,22.85
20100416,24.9
20100430,22.17
20100503,17.8
20100504,17.04
20100513,17.7
20100520,13.9
20100625,17.29
20100712,14.73
20100902,16.99
20110223,13.5
20110405,15.89
20110531,14.6
20110808,8.46
20110919,10.5
20111004,7.69
20111219,6.43
20120302,8.73
20120628,3.82
20130123,7.96
20130221,6.17
20131025,8.91
