20090202,12.2
20090309,9.31
20090623,13.9
20090713,14.3
20090820,18.8
20091103,14.9
20100111,22.3
20100415,24.9
20100520,13.9
20100625,17.29
20100712,14.73
20100802,17.12
20100902,16.99
20101108,16.35
20101229,14.54
20110114,14.51
20110209,13.7
20110223,13.5
20110405,15.89
20110426,15.45
20110531,14.6
20110722,11.0
20110808,8.46
20110822,8.45
20110919,10.5
20111004,7.69
20111125,6.85
20111219,6.43
20120302,8.73
20120326,8.25
20120420,7.57
20120614,4.1
20120628,3.82
20120725,3.88
20121004,5.28
20121023,5.91
20121031,5.28
20121210,7.05
20130123,7.96
20130221,6.17
20130409,7.99
20130429,7.0
20130624,8.33
20130819,9.16
20130902,9.45
20131025,8.91
