20090202,12.2
20090219,11.68
20090309,9.31
20090330,10.25
20090409,13.65
20090430,13.9
20090506,15.85
20090513,14.4
20090518,16.4
20090522,14.8
20090601,16.89
20090623,13.9
20090629,15.25
20090713,14.3
20090803,17.99
20090817,16.8
20090820,18.8
20090902,17.27
20091019,18.6
20091103,14.9
20091123,16.45
20091130,18.75
20091209,18.5
20091214,20.95
20091221,20.25
20091222,21.9
20091230,20.5
20100106,22.0
20100115,20.74
20100119,22.1
20100126,20.0
20100205,19.05
20100219,20.83
20100226,18.6
20100303,21.39
20100316,21.6
20100318,24.0
20100325,23.07
20100407,24.6
20100412,22.85
20100416,24.9
20100430,22.17
20100503,17.8
20100504,17.04
20100507,15.99
20100513,17.7
20100520,13.9
20100524,15.51
20100625,17.29
20100630,15.21
20100712,14.73
20100802,17.12
20100825,15.58
20100902,16.99
20101019,14.87
20101108,16.35
20110223,13.5
20110405,15.89
20110414,14.56
20110531,14.6
20110613,11.98
20110722,11.0
20110808,8.46
20110919,10.5
20111004,7.69
20111028,8.6
20111219,6.43
20120302,8.73
20120507,7.37
20120628,3.82
20121116,5.5
20130123,7.96
20130221,6.17
20130409,7.99
20131025,8.91
