20090202,9.45
20090302,6.55
20090622,12.76
20090826,25.2
20091014,27.9
20091207,25.42
20100205,21.1
20100219,24.04
20100519,17.35
20100802,25.51
20101014,25.88
20101202,22.24
20101220,18.55
20101230,21.85
20110214,19.15
20110328,14.92
20110420,17.1
20110519,14.85
20110603,16.94
20110712,13.8
20110808,12.86
20111003,11.22
20111123,13.48
20111206,16.22
20120313,19.48
20120522,13.65
20120716,13.2
20120823,16.22
20120924,18.1
20121008,18.34
20121116,16.35
20121210,18.8
20130321,16.05
20130521,18.84
20130624,15.03
20131025,16.73
