20090202,9.45
20090203,10.4
20090302,6.55
20090408,12.25
20090420,10.97
20090504,15.3
20090513,13.01
20090519,14.5
20090521,13.25
20090528,15.29
20090622,12.76
20090706,15.15
20090713,14.07
20090805,20.74
20090810,19.2
20090826,25.2
20090903,20.85
20090916,24.84
20091001,22.25
20091014,27.9
20091028,21.3
20091207,25.42
20091221,22.6
20091230,24.5
20100121,21.14
20100202,23.1
20100205,21.1
20100219,24.04
20100507,19.99
20100510,21.49
20100519,17.35
20100602,20.25
20100609,18.84
20100623,21.4
20100701,19.4
20100802,25.51
20100813,21.95
20100818,23.8
20100826,21.51
20101014,25.88
20101116,20.4
20101119,21.9
20101123,20.14
20101202,22.24
20101220,18.55
20101230,21.85
20110210,17.39
20110214,19.15
20110328,14.92
20110420,17.1
20110519,14.85
20110603,16.94
20110712,13.8
20110722,15.79
20110808,12.86
20110811,14.66
20110826,13.42
20110901,15.9
20111003,11.22
20111028,15.78
20111123,13.48
20111206,16.22
20111221,14.71
20120217,18.75
20120229,17.32
20120313,19.48
20120413,15.8
20120419,17.56
20120522,13.65
20120615,15.76
20120627,14.29
20120703,15.4
20120716,13.2
20120719,14.95
20120723,13.31
20121008,18.34
20121116,16.35
20121210,18.8
20121213,17.3
20130114,18.59
20130321,16.05
20130408,18.35
20130506,17.07
20130521,18.84
20130624,15.03
20130723,16.95
20130807,15.8
20130812,17.0
20130820,15.45
20130918,17.59
20131025,16.73
