20090202,5.4
20090902,14.25
20091019,18.22
20091028,17.0
20091030,18.04
20091113,16.12
20091215,20.62
20091223,19.0
20100108,22.4
20100129,21.71
20100203,23.95
20100205,21.89
20100209,22.8
20100212,21.04
20100218,22.55
20100922,24.1
20101011,29.49
20101014,27.18
20101026,28.75
20110204,18.05
20110805,11.25
20110808,10.36
20110908,13.77
20111004,8.2
20111019,9.74
20111107,7.68
20120216,13.01
20120227,11.0
20120302,12.1
20120306,11.37
20120313,12.49
20120524,10.28
20121018,17.07
20130528,17.74
20130702,14.41
20130814,17.4
20130822,16.14
20130823,16.68
20130827,15.9
20131025,19.5
