20090202,43.6
20090218,44.24
20090306,41.16
20090403,49.25
20090714,41.3
20090922,45.68
20091028,42.59
20091109,45.83
20100504,33.08
20100614,39.37
20100629,35.74
20101013,41.98
20101220,38.6
20110113,42.6
20110215,38.8
20110314,42.5
20110328,37.8
20110418,42.99
20110505,40.41
20110608,46.99
20110614,43.74
20110729,48.8
20110808,43.06
20110916,52.5
20111005,46.55
20111025,50.8
20111124,47.35
20111227,52.97
20120203,47.5
20120411,56.92
20120606,47.3
20120710,51.6
20120725,45.5
20120810,50.64
20120927,43.45
20121123,48.95
20121204,45.2
20130117,52.55
20130218,48.14
20130311,54.12
20130405,51.0
20130528,54.89
20130710,46.85
20130726,49.75
20130828,45.85
20130924,51.5
20131008,46.6
20131025,49.0
