20090202,43.6
20090306,41.16
20090403,49.25
20090429,48.65
20090603,47.29
20090714,41.3
20090818,41.7
20091109,45.83
20091124,44.55
20091230,43.54
20100122,42.48
20100208,40.25
20100308,38.9
20100310,40.44
20100325,37.84
20100504,33.08
20100525,34.3
20100629,35.74
20100727,37.1
20100812,37.25
20100908,41.4
20100924,41.8
20101013,41.98
20101220,38.6
20101230,42.03
20110113,42.6
20110328,37.8
20110418,42.99
20110505,40.41
20110608,46.99
20110729,48.8
20110808,43.06
20110916,52.5
20111005,46.55
20111124,47.35
20111208,47.47
20111227,52.97
20120411,56.92
20120502,55.77
20120522,52.06
20120606,47.3
20120710,51.6
20120725,45.5
20120810,50.64
20120830,44.0
20120927,43.45
20121024,43.54
20121204,45.2
20130117,52.55
20130218,48.14
20130311,54.12
20130506,54.15
20130528,54.89
20130710,46.85
20130828,45.85
20131025,49.0
