20090202,43.6
20090306,41.16
20090403,49.25
20090511,48.4
20090519,44.67
20090603,47.29
20090714,41.3
20090922,45.68
20091028,42.59
20091109,45.83
20100407,39.25
20100413,34.8
20100504,33.08
20100601,35.0
20100614,39.37
20100629,35.74
20100924,41.8
20101220,38.6
20110113,42.6
20110215,38.8
20110314,42.5
20110321,39.08
20110325,40.8
20110328,37.8
20110608,46.99
20110614,43.74
20110712,44.36
20110729,48.8
20110805,46.81
20110808,43.06
20110831,50.16
20110909,48.06
20110916,52.5
20111005,46.55
20111019,50.75
20111209,47.55
20111227,52.97
20120208,47.59
20120222,51.77
20120306,50.81
20120313,55.41
20120411,56.92
20120417,53.25
20120509,54.71
20120530,47.86
20120710,51.6
20120725,45.5
20120810,50.64
20120830,44.0
20120912,46.63
20120927,43.45
20121024,43.54
20121123,48.95
20121212,45.65
20130117,52.55
20130220,48.17
20130311,54.12
20130405,51.0
20130528,54.89
20130710,46.85
20130813,49.55
20130828,45.85
20130924,51.5
20131008,46.6
20131025,49.0
