20090202,43.6
20090211,42.16
20090218,44.24
20090306,41.16
20090403,49.25
20090519,44.67
20090603,47.29
20090714,41.3
20090810,44.0
20090818,41.7
20090922,45.68
20091028,42.59
20091109,45.83
20100504,33.08
20100518,36.0
20100525,34.3
20100614,39.37
20100629,35.74
20100805,38.93
20100812,37.25
20101013,41.98
20101220,38.6
20110113,42.6
20110215,38.8
20110314,42.5
20110323,38.85
20110325,40.8
20110328,37.8
20110418,42.99
20110505,40.41
20110608,46.99
20110614,43.74
20110729,48.8
20110808,43.06
20110908,50.5
20110909,48.06
20110916,52.5
20111005,46.55
20111025,50.8
20111124,47.35
20111205,49.78
20111208,47.47
20111227,52.97
20120113,50.0
20120118,52.3
20120203,47.5
20120411,56.92
20120417,53.25
20120502,55.77
20120606,47.3
20120710,51.6
20120725,45.5
20120810,50.64
20120830,44.0
20120912,46.63
20120927,43.45
20121008,45.7
20121024,43.54
20121123,48.95
20121204,45.2
20130117,52.55
20130218,48.14
20130311,54.12
20130405,51.0
20130528,54.89
20130710,46.85
20130726,49.75
20130828,45.85
20130924,51.5
20131008,46.6
20131025,49.0
