20090202,43.6
20090403,49.25
20090414,46.9
20090416,48.2
20090714,41.3
20090716,42.73
20090722,41.66
20090724,42.8
20091021,45.1
20091104,43.45
20091109,45.83
20091112,43.34
20091113,44.0
20091118,44.5
20091126,43.07
20091230,43.54
20100308,38.9
20100311,40.32
20100317,39.3
20100318,39.74
20100325,37.84
20100407,39.25
20100504,33.08
20100614,39.37
20100629,35.74
20100702,37.28
20100908,41.4
20101118,41.49
20101123,39.59
20101125,41.3
20101130,40.11
20101202,41.0
20101220,38.6
20110127,42.19
20110215,38.8
20110318,41.7
20110324,39.26
20110325,40.8
20110328,37.8
20110405,41.05
20110608,46.99
20110715,44.7
20110721,46.32
20110722,45.56
20110729,48.8
20110805,46.81
20110808,43.06
20110826,47.0
20110831,50.16
20110905,48.07
20110908,50.5
20110909,48.06
20110914,51.35
20110915,49.71
20110916,52.5
20110923,48.31
20111219,48.83
20111227,52.97
20120113,50.0
20120119,52.2
20120209,47.65
20120411,56.92
20120417,53.25
20120418,54.5
20120606,47.3
20120612,49.62
20120613,48.25
20120703,51.3
20120725,45.5
20120727,47.82
20120810,50.64
20120830,44.0
20120912,46.63
20120927,43.45
20120928,44.29
20121212,45.65
20130117,52.55
20130122,50.34
20130218,48.14
20130227,52.57
20130405,51.0
20130528,54.89
20130624,48.29
20130628,50.4
20130710,46.85
20130723,49.65
20130724,48.49
20130726,49.75
20130828,45.85
20131025,49.0
