20090202,19.5
20090206,22.84
20090302,15.57
20090304,17.01
20090317,14.6
20090414,20.17
20090428,19.5
20090506,24.85
20090521,22.94
20090602,28.71
20090616,24.78
20090629,26.12
20090714,23.09
20090720,26.85
20090805,28.41
20090811,26.8
20090813,28.6
20090828,28.33
20090902,26.49
20090922,31.0
20091001,29.0
20091009,32.7
20091015,37.59
20091022,37.15
20091028,31.3
20091029,33.7
20091030,32.0
20091105,34.48
20091130,33.05
20091211,36.3
20091221,32.89
20100111,36.5
20100127,31.4
20100202,32.8
20100208,29.69
20100309,35.12
20100325,32.8
20100408,39.47
20100419,35.9
20100423,36.88
20100504,31.94
20100513,32.24
20100520,28.51
20100531,31.73
20100607,28.51
20100616,32.68
20100623,32.6
20100705,28.35
20100708,30.3
20100716,28.39
20100805,32.84
20100826,27.41
20100913,30.22
20101021,24.5
20101110,27.5
20101130,23.25
20101213,27.8
20101228,26.27
20110112,29.39
20110128,25.0
20110218,28.44
20110301,25.3
20110429,22.93
20110505,20.71
20110707,20.45
20110801,17.75
20110808,14.45
20110812,17.15
20110905,16.38
20110919,18.81
20111004,15.7
20111020,16.49
20111028,19.9
20111129,16.35
20111206,18.47
20111219,16.96
20120203,22.84
20120307,22.19
20120319,24.6
20120410,21.98
20120502,23.49
20120517,19.5
20120619,22.48
20120625,20.01
20120705,22.59
20120725,20.95
20120816,25.78
20120904,22.18
20120914,26.21
20121026,22.26
20121123,23.98
20121227,22.35
20130107,24.2
20130321,18.5
20130506,19.68
20130515,17.15
20130624,15.0
20130815,19.07
20130822,21.55
20131025,21.5
