20090202,19.5
20090206,22.84
20090317,14.6
20090428,19.5
20090506,24.85
20090521,22.94
20090602,28.71
20090714,23.09
20090805,28.41
20090902,26.49
20091001,29.0
20091015,37.59
20091028,31.3
20100111,36.5
20100208,29.69
20100309,35.12
20100325,32.8
20100408,39.47
20100520,28.51
20100805,32.84
20100826,27.41
20100913,30.22
20101130,23.25
20101213,27.8
20110218,28.44
20110707,20.45
20110808,14.45
20111028,19.9
20111219,16.96
20120319,24.6
20120625,20.01
20120914,26.21
20130624,15.0
20130822,21.55
20131025,21.5
