20090202,19.5
20090317,14.6
20090602,28.71
20090714,23.09
20090902,26.49
20090922,31.0
20091001,29.0
20091015,37.59
20100208,29.69
20100408,39.47
20100520,28.51
20100705,28.35
20100805,32.84
20100826,27.41
20100909,30.29
20101021,24.5
20101130,23.25
20110112,29.39
20110218,28.44
20110331,24.36
20110411,24.2
20110531,21.76
20110624,19.05
20110704,20.67
20110808,14.45
20111004,15.7
20111028,19.9
20111129,16.35
20111219,16.96
20120203,22.84
20120319,24.6
20120518,19.45
20120625,20.01
20120725,20.95
20120816,25.78
20120914,26.21
20121016,24.69
20130107,24.2
20130128,21.49
20130214,22.38
20130321,18.5
20130415,17.85
20130624,15.0
20130822,21.55
20130910,22.05
20131025,21.5
