20090202,19.5
20090317,14.6
20090428,19.5
20090515,22.36
20090602,28.71
20090714,23.09
20090729,26.22
20090902,26.49
20090922,31.0
20091001,29.0
20091015,37.59
20100208,29.69
20100408,39.47
20100520,28.51
20100705,28.35
20100805,32.84
20100826,27.41
20100909,30.29
20100924,26.9
20101021,24.5
20101130,23.25
20110112,29.39
20110218,28.44
20110303,26.7
20110315,26.09
20110331,24.36
20110411,24.2
20110426,22.99
20110523,20.31
20110531,21.76
20110624,19.05
20110704,20.67
20110808,14.45
20111004,15.7
20111028,19.9
20111129,16.35
20111219,16.96
20120118,21.31
20120203,22.84
20120302,23.7
20120319,24.6
20120518,19.45
20120601,19.71
20120625,20.01
20120725,20.95
20120816,25.78
20120914,26.21
20121016,24.69
20130107,24.2
20130128,21.49
20130214,22.38
20130220,19.9
20130226,21.4
20130321,18.5
20130415,17.85
20130611,15.37
20130624,15.0
20130822,21.55
20130902,21.84
20130910,22.05
20131016,22.92
20131025,21.5
