20090202,19.5
20090206,22.84
20090302,15.57
20090304,17.01
20090317,14.6
20090326,17.85
20090330,16.35
20090506,24.85
20090515,22.36
20090602,28.71
20090622,24.14
20090629,26.12
20090714,23.09
20090813,28.6
20090902,26.49
20091015,37.59
20091028,31.3
20091211,36.3
20091221,32.89
20100106,36.56
20100208,29.69
20100316,35.19
20100325,32.8
20100408,39.47
20100520,28.51
20100531,31.73
20100607,28.51
20100616,32.68
20100705,28.35
20100805,32.84
20100826,27.41
20100909,30.29
20101021,24.5
20101110,27.5
20101130,23.25
20110112,29.39
20110128,25.0
20110218,28.44
20110624,19.05
20110704,20.67
20110808,14.45
20110815,17.18
20110819,15.99
20110919,18.81
20111004,15.7
20111028,19.9
20111129,16.35
20111206,18.47
20111219,16.96
20120319,24.6
20120518,19.45
20120619,22.48
20120625,20.01
20120719,22.88
20120725,20.95
20120816,25.78
20120903,22.1
20120914,26.21
20121026,22.26
20121106,23.89
20121116,22.03
20121123,23.98
20121203,22.33
20130107,24.2
20130220,19.9
20130226,21.4
20130415,17.85
20130430,19.83
20130624,15.0
20131025,21.5
