20090202,4.67
20090218,4.9
20090309,4.0
20090326,4.62
20090406,4.27
20090504,5.46
20090513,5.08
20090529,6.15
20090617,5.13
20090708,4.88
20090811,6.21
20090903,5.61
20090924,6.0
20091013,6.58
20091019,7.38
20091021,6.82
20091026,7.32
20091028,6.54
20091111,7.13
20091126,6.63
20091215,7.27
20100105,7.03
20100112,7.54
20100120,7.53
20100126,6.76
20100218,7.06
20100224,6.5
20100315,7.15
20100426,7.24
20100428,6.7
20100514,6.59
20100520,6.0
20100615,6.88
20100712,6.31
20100803,7.17
20100922,6.55
20101111,9.18
20101123,8.65
20101203,8.96
20101210,8.31
20101217,8.88
20110119,8.18
20110208,7.08
20110218,8.12
20110316,7.6
20110407,8.52
20110415,7.81
20110426,8.08
20110503,7.16
20110516,7.42
20110607,6.5
20110706,7.31
20110712,6.69
20110721,7.38
20110725,6.62
20110803,6.6
20110808,5.77
20110817,6.44
20110826,6.06
20110901,6.88
20110914,7.27
20110923,6.87
20111010,7.5
20111111,7.33
20111129,6.55
20120207,7.79
20120228,7.3
20120531,8.0
20120723,6.91
20120814,7.72
20120828,7.58
20121001,9.18
20121114,9.04
20121116,9.71
20121129,9.8
20121130,10.48
20121204,10.25
20121205,10.9
20121210,10.38
20121213,10.88
20121228,10.38
20130103,11.31
20130110,10.45
20130123,10.51
20130205,9.23
20130215,9.77
20130227,9.4
20130228,10.19
20130306,10.37
20130404,9.56
20130411,10.26
20130418,9.27
20130429,9.76
20130508,11.02
20130612,10.46
20130801,10.83
20130814,10.08
20130821,10.87
20131001,10.32
20131025,11.25
