20090202,4.67
20090309,4.0
20090529,6.15
20090617,5.13
20091019,7.38
20091021,6.82
20091026,7.32
20091028,6.54
20091029,6.87
20091103,6.56
20091111,7.13
20091112,6.85
20100112,7.54
20100126,6.76
20100128,6.98
20100205,6.62
20100209,7.07
20100224,6.5
20100226,6.79
20100331,7.31
20100520,6.0
20100922,6.55
20101111,9.18
20110208,7.08
20110210,7.69
20110407,8.52
20110708,7.14
20110712,6.69
20110721,7.38
20110803,6.6
20110808,5.77
20110915,7.3
20110923,6.87
20111010,7.5
20111123,6.54
20111222,7.31
20111226,7.09
20120105,7.43
20120106,7.35
20120207,7.79
20120530,7.77
20120531,8.0
20120720,7.17
20120723,6.91
20121114,9.04
20121204,10.25
20121205,10.9
20121227,10.67
20121228,10.38
20130103,11.31
20130205,9.23
20130206,9.5
20130301,10.35
20130418,9.27
20130508,11.02
20130509,10.69
20130814,10.08
20130926,10.67
20131001,10.32
20131025,11.25
