20090202,4.67
20090309,4.0
20090401,4.27
20090415,4.42
20090529,6.15
20090708,4.88
20090811,6.21
20090903,5.61
20090914,5.76
20090930,6.49
20091002,6.34
20091009,6.7
20091019,7.38
20100112,7.54
20100120,7.53
20100224,6.5
20100331,7.31
20100412,7.3
20100426,7.24
20100506,6.33
20100520,6.0
20100712,6.31
20100831,6.54
20100922,6.55
20101001,7.35
20101018,8.07
20101025,8.47
20101101,8.7
20101111,9.18
20101118,9.1
20101203,8.96
20101217,8.88
20110208,7.08
20110407,8.52
20110419,8.23
20110607,6.5
20110728,6.44
20110808,5.77
20110819,6.06
20110826,6.06
20111010,7.5
20111123,6.54
20111129,6.55
20111208,6.58
20111226,7.09
20120126,7.62
20120207,7.79
20120419,7.81
20120508,7.84
20120511,7.88
20120531,8.0
20120619,7.23
20120706,7.18
20120717,7.17
20120723,6.91
20120801,7.11
20120810,7.31
20120817,7.42
20120824,7.5
20120918,8.75
20120924,8.95
20120925,8.72
20121001,9.18
20121016,8.81
20121105,9.3
20121112,9.03
20121116,9.71
20121122,9.73
20121130,10.48
20121205,10.9
20130103,11.31
20130205,9.23
20130418,9.27
20130508,11.02
20130814,10.08
20131025,11.25
