20090202,4.67
20090203,4.62
20090218,4.9
20090309,4.0
20090326,4.62
20090401,4.27
20090504,5.46
20090507,5.2
20090508,5.5
20090513,5.08
20090529,6.15
20090618,5.1
20090619,5.42
20090622,5.06
20090626,5.35
20090708,4.88
20090811,6.21
20090817,5.73
20090821,6.19
20090903,5.61
20091019,7.38
20091021,6.82
20091026,7.32
20091028,6.54
20091111,7.13
20091126,6.63
20091215,7.27
20091221,6.93
20100112,7.54
20100205,6.62
20100209,7.07
20100224,6.5
20100331,7.31
20100520,6.0
20100615,6.88
20100712,6.31
20100803,7.17
20100831,6.54
20101111,9.18
20101210,8.31
20101217,8.88
20110208,7.08
20110218,8.12
20110225,7.64
20110309,8.1
20110316,7.6
20110407,8.52
20110415,7.81
20110419,8.23
20110607,6.5
20110706,7.31
20110712,6.69
20110721,7.38
20110808,5.77
20110817,6.44
20110819,6.06
20110915,7.3
20110923,6.87
20111010,7.5
20111123,6.54
20111201,6.91
20111208,6.58
20120207,7.79
20120228,7.3
20120315,7.77
20120409,7.38
20120531,8.0
20120723,6.91
20121205,10.9
20121211,10.35
20121213,10.88
20121228,10.38
20130103,11.31
20130205,9.23
20130306,10.37
20130404,9.56
20130411,10.26
20130418,9.27
20130508,11.02
20130620,10.45
20130712,10.98
20130814,10.08
20130821,10.87
20131001,10.32
20131025,11.25
