20090202,13.76
20090309,13.45
20090403,19.1
20090409,16.86
20090430,18.46
20090506,21.06
20090714,20.6
20090805,25.39
20090902,25.51
20090930,31.23
20091007,29.7
20091014,32.4
20091026,30.07
20091028,27.1
20091113,32.0
20091222,28.95
20100113,30.18
20100127,27.55
20100202,30.6
20100205,27.9
20100211,31.02
20100412,31.1
20100520,25.3
20100622,28.25
20100630,24.65
20100730,30.54
20100910,28.0
20101013,34.85
20101029,33.1
20101104,34.98
20101220,30.05
20110127,31.0
20110204,28.1
20110216,31.43
20110310,28.01
20110401,29.98
20110520,27.0
20110704,28.43
20110718,25.08
20110801,26.42
20110808,22.63
20110901,28.35
20111007,23.0
20111028,26.1
20111219,22.48
20120313,29.61
20120404,24.2
20120511,22.26
20120517,19.4
20120522,21.41
20120605,18.8
20120717,18.2
20120806,23.83
20120831,23.18
20120920,26.7
20121010,22.44
20121106,23.0
20121112,20.77
20121217,22.28
20121220,25.0
20130114,26.93
20130207,23.65
20130412,28.35
20130506,24.37
20130528,26.79
20130612,22.34
20130703,20.3
20130723,23.04
20130827,21.8
20131025,28.67
