20090202,31.18
20090204,31.05
20090403,36.98
20090424,32.91
20090429,35.26
20090521,25.18
20090612,28.6
20090714,25.5
20090806,28.39
20090904,26.55
20091019,29.09
20091028,27.3
20091210,34.4
20100118,29.3
20100129,31.35
20100204,29.13
20100211,31.15
20100412,29.02
20100429,31.51
20100602,24.2
20100706,26.85
20100721,24.92
20100901,28.7
20100924,26.31
20101104,30.1
20101227,26.47
20110117,29.79
20110214,26.04
20110405,32.75
20110601,29.2
20110629,31.77
20110808,26.66
20110831,29.5
20111007,25.65
20120425,49.3
20120517,33.96
20120810,40.07
20120912,25.29
20120918,28.2
20121003,23.24
20121016,25.9
20121108,22.75
20121130,25.67
20121205,23.9
20121221,27.15
20130108,20.61
20130121,23.68
20130131,21.6
20130318,25.85
20130320,22.2
20130430,25.59
20130514,21.24
20130524,23.37
20130624,18.5
20130729,21.84
20130904,18.33
20131025,19.5
