20090202,31.18
20090403,36.98
20090408,35.4
20090429,35.26
20090521,25.18
20090714,25.5
20090722,25.7
20090727,25.77
20090904,26.55
20091002,26.55
20091007,26.9
20091019,29.09
20091028,27.3
20091103,27.5
20091117,30.05
20091124,30.23
20091127,31.15
20091210,34.4
20100105,31.85
20100429,31.51
20100430,27.55
20100506,26.79
20100520,25.96
20100528,25.7
20100602,24.2
20100609,24.43
20100614,24.9
20100721,24.92
20100813,25.25
20100819,25.34
20100823,25.72
20101018,29.86
20101028,30.05
20101104,30.1
20110214,26.04
20110224,26.8
20110401,32.36
20110405,32.75
20110429,32.2
20110629,31.77
20110808,26.66
20111007,25.65
20111013,25.95
20111017,25.95
20111025,26.75
20111101,28.6
20111109,28.69
20111124,29.22
20111202,29.37
20111212,30.65
20111215,31.94
20111216,31.24
20111221,32.58
20111227,33.48
20120103,32.11
20120110,32.55
20120116,32.7
20120119,33.8
20120120,34.21
20120201,35.47
20120206,35.59
20120216,38.6
20120223,39.16
20120228,39.6
20120301,40.2
20120305,40.8
20120309,41.37
20120313,42.7
20120326,43.3
20120327,44.1
20120402,45.3
20120405,45.75
20120412,46.69
20120425,49.3
20120517,33.96
20120810,40.07
20120815,39.8
20120822,38.97
20120827,38.3
20120906,35.97
20120912,25.29
20120918,28.2
20120928,24.58
20121003,23.24
20121108,22.75
20121221,27.15
20121226,22.19
20130108,20.61
20130318,25.85
20130430,25.59
20130524,23.37
20130612,19.78
20130624,18.5
20130828,18.45
20130904,18.33
20131025,19.5
