20090202,6.27
20090602,16.7
20090916,18.45
20091001,16.27
20091014,19.1
20091019,22.5
20091020,21.2
20091021,22.1
20091026,20.35
20091105,21.94
20091112,19.0
20100119,23.85
20100126,21.8
20100202,23.3
20100205,21.3
20100211,22.54
20100525,15.62
20100527,16.96
20100927,17.93
20101130,13.05
20101203,14.42
20101206,13.71
20101230,15.5
20110128,13.35
20110414,17.0
20110803,15.0
20110929,5.74
20111024,8.0
20111110,6.3
20120306,10.35
20120313,12.26
20120323,10.67
20120327,11.5
20120524,8.72
20120528,9.8
20120604,8.47
20120608,9.6
20121004,12.34
20121025,10.16
20121122,12.12
20121206,8.46
20130204,10.61
20130417,5.94
20130516,7.89
20130521,7.3
20130527,7.97
20130619,6.45
20130625,7.42
20130701,7.72
20131025,5.0
