20090202,13.8
20090227,15.37
20090303,14.13
20090326,15.8
20090401,14.41
20090824,26.5
20090904,24.04
20091014,30.0
20091028,26.2
20091221,34.5
20100409,28.01
20100531,33.75
20100607,30.75
20100623,35.25
20100716,31.4
20101015,39.83
20101020,36.15
20101109,40.75
20101220,33.64
20101230,36.9
20110210,30.0
20110314,35.0
20110427,32.0
20110609,36.75
20110808,28.7
20111212,39.03
20111222,35.37
20120102,38.85
20120113,35.6
20120202,41.7
20120224,38.0
20121017,63.18
20130215,54.7
20130305,59.5
20130415,52.75
20130517,59.65
20130827,47.18
20131025,53.66
