20090202,13.8
20090629,20.65
20090717,19.37
20091009,27.7
20091014,30.0
20091110,27.0
20091119,30.75
20091124,29.7
20091130,33.99
20100409,28.01
20100415,30.1
20100916,35.63
20100923,33.82
20101015,39.83
20101020,36.15
20101109,40.75
20101110,38.4
20110210,30.0
20110214,31.9
20110314,35.0
20110801,34.17
20110808,28.7
20110811,31.56
20110812,30.89
20110901,34.94
20110922,32.78
20120202,41.7
20120306,39.44
20120312,43.8
20120329,42.0
20120402,43.9
20120413,40.9
20120517,45.75
20120518,43.5
20120522,45.78
20120524,43.68
20120531,47.9
20120605,44.2
20120712,50.75
20120713,49.2
20120719,52.76
20120726,51.11
20120730,52.92
20120823,51.16
20120824,52.3
20120827,51.0
20121017,63.18
20121024,58.56
20121030,60.75
20121107,57.2
20130411,56.01
20130415,52.75
20130523,59.54
20130827,47.18
20131025,53.66
