20090202,13.8
20090210,14.0
20090303,14.13
20090401,14.41
20090521,18.59
20090713,19.0
20090803,24.17
20090811,23.69
20090824,26.5
20090904,24.04
20090916,26.8
20091014,30.0
20091028,26.2
20091130,33.99
20091221,34.5
20100409,28.01
20100520,29.34
20100607,30.75
20100623,35.25
20100716,31.4
20100817,31.4
20100915,35.63
20101015,39.83
20101109,40.75
20101122,38.8
20101201,38.79
20101230,36.9
20110210,30.0
20110609,36.75
20110808,28.7
20110922,32.78
20111101,34.0
20111124,34.5
20111212,39.03
20111222,35.37
20120113,35.6
20120202,41.7
20120224,38.0
20120312,43.8
20120402,43.9
20120413,40.9
20120504,46.61
20120518,43.5
20120531,47.9
20120605,44.2
20120619,49.7
20120703,51.4
20120713,49.2
20120719,52.76
20120730,52.92
20120822,50.87
20120926,61.03
20121017,63.18
20121211,61.3
20121228,60.2
20130110,59.93
20130215,54.7
20130415,52.75
20130517,59.65
20130624,50.0
20130827,47.18
20131025,53.66
