20090202,3.61
20090504,6.02
20090507,5.28
20091104,6.31
20091113,7.46
20091116,8.19
20091117,7.74
20100531,7.76
20100614,7.14
20100623,8.56
20100701,7.74
20101105,11.63
20110119,11.24
20110209,9.9
20110218,10.74
20110223,10.03
20110411,11.73
20110418,11.2
20110426,12.37
20110509,11.1
20110607,13.01
20110830,11.34
20110912,13.61
20111229,12.12
20120102,13.0
20120113,12.04
20120329,15.36
20120402,16.41
20120424,15.26
20120502,16.17
20120605,14.25
20120620,16.35
20120702,15.25
20120703,15.85
20120713,14.25
20121016,19.67
20121024,17.99
20121210,19.13
20121211,18.64
20130624,12.71
20130628,13.36
20130702,12.37
20130815,13.33
20130829,12.04
20131025,14.72
