20090202,3.61
20090219,3.79
20090414,4.2
20090504,6.02
20090615,4.98
20090630,4.98
20090708,5.03
20090723,5.52
20090731,6.49
20090811,6.7
20090821,6.96
20090917,7.37
20091014,7.67
20091103,6.29
20091116,8.19
20091127,8.03
20100201,6.81
20100226,7.86
20100412,6.92
20100507,7.12
20100520,7.12
20100614,7.14
20100623,8.56
20100714,7.61
20100802,8.97
20100803,8.39
20100818,9.16
20100823,8.88
20100825,9.3
20100830,9.03
20100902,9.39
20100913,9.05
20100917,9.8
20100923,9.28
20101013,10.82
20101105,11.63
20110202,9.87
20110223,10.03
20110323,11.67
20110405,11.81
20110426,12.37
20110603,13.01
20110808,10.03
20110826,11.2
20110912,13.61
20111214,11.74
20111222,11.91
20120111,12.01
20120131,12.76
20120207,13.5
20120208,13.84
20120213,13.59
20120217,15.31
20120312,16.22
20120402,16.41
20120524,13.76
20120605,14.25
20120713,14.25
20120724,15.15
20120803,16.76
20120814,16.33
20120817,16.99
20120823,16.45
20120828,17.06
20120912,18.26
20120926,19.04
20121016,19.67
20121210,19.13
20121217,18.61
20130103,18.6
20130116,18.3
20130213,18.07
20130226,16.12
20130306,17.75
20130328,16.83
20130408,15.59
20130415,14.72
20130517,16.22
20130624,12.71
20130702,12.37
20130829,12.04
20131025,14.72
