20090202,3.61
20090323,4.83
20090414,4.2
20090504,6.02
20090708,5.03
20090731,6.49
20091014,7.67
20091104,6.31
20091116,8.19
20100201,6.81
20100226,7.86
20100614,7.14
20100623,8.56
20100714,7.61
20100802,8.97
20100929,9.33
20101013,10.82
20101028,10.27
20101105,11.63
20101116,10.7
20101202,11.37
20101213,10.13
20101221,11.4
20110119,11.24
20110209,9.9
20110323,11.67
20110418,11.2
20110426,12.37
20110429,11.08
20110509,11.1
20110512,12.11
20110607,13.01
20110627,11.71
20110729,12.08
20110803,11.81
20110808,10.03
20110815,11.91
20110830,11.34
20110901,12.86
20110908,13.6
20110922,12.04
20110930,12.85
20111005,11.81
20111116,13.31
20111123,11.97
20111206,12.98
20111214,11.74
20111229,12.12
20120102,13.0
20120113,12.04
20120213,13.59
20120217,15.31
20120228,14.48
20120312,16.22
20120322,15.05
20120405,16.25
20120413,14.98
20120502,16.17
20120524,13.76
20120528,15.0
20120605,14.25
20120620,16.35
20120625,15.16
20120703,15.85
20120713,14.25
20120803,16.76
20120829,16.58
20120912,18.26
20120914,17.26
20120924,18.95
20121003,18.45
20121016,19.67
20121022,19.3
20121024,17.99
20121109,17.42
20121114,18.39
20121205,18.05
20121210,19.13
20130131,17.24
20130214,18.06
20130226,16.12
20130306,17.75
20130322,16.15
20130410,16.14
20130415,14.72
20130422,16.12
20130522,16.18
20130702,12.37
20130726,14.14
20130829,12.04
20130912,13.17
20130918,14.65
20131008,13.31
20131022,15.16
20131025,14.72
