20090202,7.4
20090302,6.98
20090309,6.98
20090320,7.26
20090406,7.26
20090415,7.81
20090427,9.65
20090430,10.2
20090618,10.34
20090625,10.47
20090707,10.48
20090714,10.65
20090722,11.84
20090723,12.1
20090727,12.79
20090728,12.91
20090729,12.79
20090731,13.77
20090804,13.33
20090810,14.83
20090813,14.32
20090817,14.4
20090818,15.31
20090821,16.33
20090827,14.44
20090902,14.65
20090911,15.36
20090921,16.76
20091001,15.87
20091005,17.64
20091015,17.96
20091116,18.13
20091203,18.68
20091221,16.05
20100106,19.32
20100114,19.47
20100119,19.95
20100520,16.05
20100525,16.37
20100604,17.02
20100609,17.09
20100624,18.41
20100630,19.0
20100705,19.7
20100707,20.68
20100708,20.38
20100715,21.41
20100721,21.01
20100727,22.77
20100820,22.99
20100826,21.18
20100916,24.03
20100922,24.49
20101004,27.11
20101014,28.3
20101026,27.03
20101103,26.6
20101108,26.3
20101202,26.3
20110118,25.76
20110209,20.86
20110224,20.36
20110628,25.76
20110808,20.32
20110825,21.59
20110901,25.85
20110908,26.21
20111109,21.77
20111123,22.39
20120113,23.21
20120117,24.13
20120124,24.94
20120130,25.44
20120201,26.76
20120207,27.7
20120224,29.48
20120301,29.71
20120313,30.87
20120316,30.96
20120403,31.62
20120524,26.0
20120713,26.21
20120723,27.66
20120801,29.02
20120806,31.88
20120815,29.93
20120824,33.35
20120917,33.74
20121017,30.84
20121219,34.29
20130102,34.97
20130206,34.91
20130213,34.78
20130227,34.47
20130304,34.38
20130415,30.11
20130522,33.81
20130611,29.62
20130619,28.34
20131016,34.38
20131022,34.59
20131025,34.1
