20090202,7.4
20090206,7.68
20090302,6.98
20090518,12.08
20090618,10.34
20090821,16.33
20090827,14.44
20091015,17.96
20091103,16.24
20091203,18.68
20091221,16.05
20100119,19.95
20100208,16.78
20100218,18.82
20100520,16.05
20101014,28.3
20101123,23.56
20101202,26.3
20101220,22.04
20110118,25.76
20110224,20.36
20110509,25.17
20110523,22.31
20110628,25.76
20110808,20.32
20110908,26.21
20111109,21.77
20111207,25.65
20120113,23.21
20120403,31.62
20120517,26.47
20120521,29.13
20120524,26.0
20120604,29.27
20120713,26.21
20130102,34.97
20130415,30.11
20130522,33.81
20130619,28.34
20130813,31.86
20130828,29.01
20131025,34.1
