20090202,25.5
20090211,27.5
20090316,24.07
20090429,29.69
20090525,25.25
20090806,30.8
20091028,24.75
20091210,38.75
20091222,34.39
20100122,42.0
20100224,23.25
20100318,27.0
20100520,21.86
20100622,24.85
20100909,21.0
20101015,26.05
20101227,21.76
20110405,25.4
20110808,15.75
20110916,17.64
20111007,15.35
20111107,18.32
20111123,15.84
20120217,19.36
20120529,12.7
20120704,14.68
20120726,13.12
20120820,15.94
20121122,6.16
20121130,7.65
20121227,6.32
20130122,8.1
20130222,6.13
20130307,7.44
20130327,6.25
20130328,6.99
20130514,4.65
20130528,6.3
20130703,4.41
20130726,4.96
20130806,4.45
20131025,7.16
