20090202,25.5
20090316,24.07
20090324,24.24
20090327,25.14
20090429,29.69
20090525,25.25
20090806,30.8
20091028,24.75
20091210,38.75
20100122,42.0
20100208,24.01
20100224,23.25
20100318,27.0
20100329,26.7
20100423,25.76
20100506,22.1
20100520,21.86
20100716,21.5
20100831,21.37
20100909,21.0
20100917,21.33
20100929,21.33
20101015,26.05
20101227,21.76
20110405,25.4
20110506,22.85
20110520,22.81
20110607,21.6
20110616,21.39
20110624,20.34
20110630,20.89
20110711,19.28
20110714,19.48
20110720,18.85
20110722,19.19
20110727,18.2
20110729,18.74
20110808,15.75
20111005,15.45
20111007,15.35
20111123,15.84
20120104,18.69
20120210,18.99
20120217,19.36
20120305,18.99
20120313,18.7
20120328,17.59
20120411,15.73
20120416,15.65
20120417,16.84
20120424,16.55
20120502,16.38
20120510,16.28
20120529,12.7
20120820,15.94
20120828,15.27
20120905,13.22
20120912,11.7
20120917,12.48
20120926,12.33
20121004,11.6
20121022,11.97
20121029,11.1
20121101,11.58
20121122,6.16
20130122,8.1
20130222,6.13
20130307,7.44
20130328,6.99
20130418,5.22
20130506,4.9
20130514,4.65
20130624,4.54
20130703,4.41
20130918,6.34
20131025,7.16
